27	25	26
25	23	29
28	24	28
32	29	38
22	23	34
21	31	27
28	24	39
32	35	37
27	21	28
33	39	25
31	30	22
33	28	34
22	22	26
21	25	22
25	33	37
24	30	28
21	31	22
28	36	25
27	27	23
32	23	38
23	25	31
35	25	23
23	38	22
29	31	28
26	31	37
24	36	37
37	29	21
33	25	30
28	24	20
23	21	25
23	24	36
30	27	37
24	25	27
36	34	25
36	37	34
31	24	25
21	39	39
32	28	26
23	26	37
32	31	23
30	25	38
26	26	36
30	20	36
22	27	24
33	21	22
32	20	39
26	24	23
23	25	32
27	26	32
25	32	22
26	37	35
24	22	30
25	20	24
33	37	34
39	32	21
31	32	36
33	34	23
23	25	34
36	21	28
39	39	26
28	28	24
31	21	37
39	21	35
20	24	25
21	29	26
39	23	33
38	24	35
33	37	21
36	27	29
36	30	29
23	21	21
29	28	33
39	22	37
38	27	34
27	35	35
34	31	30
39	22	25
26	25	32
27	20	22
22	21	37
25	34	28
32	33	28
25	26	27
23	28	34
20	28	20
34	23	36
31	36	26
32	24	25
32	37	23
36	31	25
32	35	35
34	33	20
21	39	35
30	32	38
39	33	31
21	34	24
37	24	37
36	34	27
23	34	31
23	26	28
28	27	36
36	32	31
21	37	39
26	30	28
29	25	25
26	23	30
27	23	35
31	32	34
20	39	32
35	27	23
24	23	29
38	20	22
32	25	24
29	27	29
31	35	29
21	39	34
34	33	31
24	35	27
31	27	21
29	34	32
21	31	23
38	39	37
22	31	20
35	21	21
39	37	37
23	26	23
32	34	28
26	24	26
37	27	25
31	33	37
36	29	21
39	37	24
20	35	38
37	36	35
23	26	32
20	20	38
34	21	32
32	20	32
31	24	29
28	38	37
28	33	35
36	21	20
24	21	34
20	22	25
29	23	33
39	27	28
29	22	33
39	25	21
36	38	38
28	39	34
25	27	32
28	35	32
21	33	29
21	29	36
25	22	30
26	34	23
22	34	26
24	20	23
38	36	27
39	29	39
28	39	25
35	38	24
27	28	30
30	32	38
20	30	31
26	39	28
37	30	31
27	38	29
35	22	30
39	36	39
25	37	33
33	28	30
29	38	34
29	29	33
30	32	35
32	26	27
27	27	37
39	33	22
39	20	24
33	34	22
26	37	36
24	28	28
36	39	23
22	33	20
20	27	21
39	37	33
36	38	36
34	29	34
38	28	34
33	34	25
27	25	36
20	29	31
22	33	20
37	39	38
33	25	36
25	25	25
20	23	25
34	36	22
30	33	26
33	23	20
38	35	36
31	21	27
36	27	38
34	38	39
33	39	37
22	29	33
37	32	37
22	39	20
27	32	37
38	27	33
26	36	23
32	39	37
29	22	34
28	23	24
36	21	24
25	27	22
31	26	38
21	36	39
25	26	25
37	33	26
24	29	29
21	23	34
23	21	34
27	37	22
27	38	29
29	22	24
38	35	21
28	21	35
33	35	24
24	35	34
39	25	39
39	23	35
39	27	37
34	30	28
37	30	36
30	25	39
23	30	23
37	25	24
23	21	38
26	32	33
35	22	30
33	26	34
33	32	23
33	34	28
34	37	36
38	37	31
23	33	26
30	27	31
35	29	21
26	21	29
39	30	27
23	32	35
24	20	25
39	31	34
23	23	21
21	23	22
28	33	20
27	27	37
25	28	31
24	23	27
36	39	35
32	35	33
23	32	32
20	21	20
23	33	31
32	22	24
26	22	37
25	29	30
30	33	24
22	27	29
23	26	22
27	26	26
26	28	26
35	35	23
32	21	20
26	27	28
25	25	37
39	22	36
36	33	38
39	24	39
36	21	29
33	24	30
26	25	38
33	23	21
35	21	32
27	22	33
32	24	30
20	34	20
30	31	27
39	24	31
20	32	30
35	37	36
30	35	31
38	29	36
28	27	26
33	31	37
32	34	31
34	29	34
32	20	20
35	27	37
31	36	35
38	25	24
39	34	35
31	34	28
31	30	21
33	24	39
33	37	29
28	38	38
23	29	35
24	23	35
34	39	22
25	23	39
26	26	27
31	29	29
33	29	36
24	35	34
20	35	32
26	36	39
33	32	31
23	23	31
32	23	32
24	39	35
32	35	39
20	35	37
22	23	25
28	22	35
23	34	35
29	36	29
38	23	39
25	30	21
20	27	24
22	31	20
24	29	23
36	37	26
20	28	30
38	34	34
27	36	39
31	37	24
27	33	23
38	21	37
28	34	22
36	38	20
26	24	38
24	22	28
33	35	25
30	37	29
25	37	21
24	34	26
21	39	35
28	39	37
31	29	37
39	25	24
26	26	30
27	32	26
20	29	26
25	23	24
32	30	30
27	31	27
36	28	32
34	30	28
33	22	36
28	29	32
39	30	37
38	29	33
27	27	22
28	22	32
20	30	23
20	26	25
34	35	24
28	29	29
23	32	38
29	39	27
36	23	34
34	20	32
31	39	35
27	32	36
20	32	20
36	22	23
27	24	37
35	30	34
35	27	36
34	26	24
34	29	25
23	33	24
37	22	39
33	39	26
33	38	25
25	28	30
30	36	29
28	32	24
26	33	20
37	29	36
36	34	27
24	31	30
36	22	27
26	32	26
20	37	33
25	25	31
23	20	21
22	36	38
38	21	21
33	27	33
38	37	24
21	36	21
33	30	36
31	31	32
24	26	24
32	29	34
33	26	23
31	21	35
35	29	27
21	36	24
38	26	26
20	23	29
20	29	24
26	34	26
22	28	27
20	39	30
28	37	25
28	35	27
34	39	31
38	22	29
26	35	39
22	31	26
25	24	24
35	27	32
31	24	28
21	30	24
34	28	37
29	33	21
33	26	20
31	24	32
37	39	25
32	28	21
21	38	22
34	34	38
23	26	29
26	36	28
24	39	39
32	28	24
33	28	29
20	39	29
30	30	36
27	28	23
23	35	30
30	23	20
23	39	22
24	20	20
39	25	21
22	27	39
31	29	22
35	35	39
24	35	21
28	28	21
34	22	24
34	25	20
35	34	20
21	38	37
37	27	25
30	21	35
26	37	24
32	33	30
31	22	29
37	38	38
24	36	20
35	24	28
38	26	26
22	22	34
24	37	38
32	33	20
35	39	20
37	36	31
37	35	36
20	29	20
34	33	25
38	31	22
34	22	37
20	21	37
39	21	39
28	26	34
34	27	30
38	35	32
33	25	29
22	29	24
24	32	37
27	31	35
26	25	25
28	27	23
29	27	23
31	35	32
31	36	27
27	28	27
30	38	35
26	33	38
35	21	25
28	32	37
23	30	30
34	28	28
26	35	37
33	30	36
28	31	31
27	26	25
33	29	39
37	34	33
29	23	30
26	39	24
20	20	31
21	32	31
35	38	32
33	31	26
23	28	31
23	20	35
30	22	25
36	31	38
28	27	35
27	36	27
30	25	30
27	27	36
37	21	34
27	39	26
23	20	29
37	24	35
34	25	39
21	28	21
27	33	24
20	23	29
21	36	32
23	31	39
21	28	24
32	29	39
39	27	29
28	34	29
23	22	38
34	28	34
29	23	38
23	24	27
23	33	27
36	38	24
29	37	37
33	37	32
25	30	21
29	39	38
32	39	38
36	36	29
37	26	33
35	24	36
27	20	22
39	34	30
31	30	25
27	21	24
35	20	37
24	31	33
38	32	33
22	38	37
25	37	36
33	34	31
29	35	22
37	39	31
36	34	36
36	27	29
38	37	21
29	32	23
38	33	24
38	22	21
20	24	33
37	38	24
30	22	37
27	23	20
20	22	32
38	35	33
24	31	26
24	34	35
28	21	29
33	34	23
31	30	33
23	35	37
27	20	27
38	34	30
23	30	39
29	22	38
31	39	29
21	32	34
36	32	33
36	24	28
30	39	25
27	21	33
22	28	35
21	31	36
24	38	24
23	22	32
22	22	27
28	22	25
20	24	37
37	25	31
37	22	31
34	27	31
33	20	35
24	24	28
22	30	39
31	38	30
24	24	26
37	20	21
36	28	30
34	32	33
25	21	32
36	38	30
35	26	32
30	32	25
25	26	36
36	27	21
39	27	26
31	24	32
25	24	26
38	28	35
30	36	30
20	28	38
21	31	23
23	24	34
23	30	32
35	29	34
26	32	33
23	34	39
27	27	22
31	21	22
26	39	29
34	39	20
24	34	25
20	27	39
22	32	29
33	21	34
21	34	39
21	33	29
38	28	39
24	20	26
35	32	20
24	31	27
37	30	28
22	30	28
20	36	24
30	21	22
32	31	39
38	37	31
23	23	27
20	29	30
25	24	37
28	34	23
22	37	23
35	38	37
31	39	21
37	32	23
37	28	21
32	20	36
21	33	21
20	37	24
37	22	39
32	25	25
29	33	30
30	26	30
31	32	29
23	38	26
25	30	36
20	22	28
28	36	25
25	21	31
22	31	20
22	29	26
38	29	28
37	29	28
22	34	35
36	36	36
29	31	28
20	32	35
22	25	31
30	30	20
37	28	39
31	25	25
28	23	30
28	39	33
25	27	29
23	27	30
20	37	38
25	36	33
31	28	22
29	23	26
30	37	21
33	24	34
29	21	20
33	21	23
30	26	39
29	38	21
33	20	30
22	32	37
25	38	25
37	28	28
22	24	32
21	28	23
22	23	22
23	30	33
21	29	36
21	25	39
23	31	23
29	31	22
25	35	33
34	31	31
20	21	33
25	26	39
23	32	25
24	25	27
27	37	21
30	36	35
24	33	24
36	37	25
20	30	24
24	36	24
33	39	28
28	36	33
27	26	29
37	29	33
30	23	33
33	37	30
36	35	32
37	28	31
37	33	27
26	22	21
36	31	38
24	36	39
33	38	34
22	39	27
36	36	23
32	23	38
33	25	37
28	33	30
22	38	28
28	30	29
39	25	21
22	36	39
28	28	37
21	36	26
25	38	35
31	39	31
27	31	39
39	39	20
31	39	39
23	34	39
31	21	32
26	33	37
30	33	32
31	26	39
36	35	25
34	31	38
27	30	23
33	27	34
37	20	28
25	36	27
28	36	34
24	23	33
33	24	25
32	39	31
29	37	26
25	30	25
28	37	38
27	36	26
35	37	26
36	26	28
22	26	22
21	27	21
22	35	37
29	38	26
20	23	31
21	23	22
23	39	36
39	35	21
29	23	35
37	34	35
28	32	22
23	36	27
31	37	37
35	31	26
23	31	29
35	39	30
24	33	25
36	31	36
26	20	20
34	26	23
34	20	39
37	31	33
33	25	25
22	27	34
20	25	29
29	20	37
21	27	30
31	31	31
33	34	23
37	24	20
24	28	22
20	31	22
22	33	25
27	34	21
29	20	27
27	29	31
36	39	34
38	34	30
29	29	36
38	30	30
38	29	28
25	23	30
21	25	21
25	32	39
31	33	38
36	37	29
30	26	29
31	22	25
33	31	37
23	32	26
20	34	23
22	22	29
20	36	30
28	27	38
32	39	26
37	31	24
34	23	23
27	22	31
34	39	34
20	21	36
26	25	22
26	39	22
29	28	39
37	34	26
22	28	29
23	28	23
24	24	28
31	39	25
20	33	35
21	28	36
28	20	39
29	32	22
25	29	32
34	26	36
37	20	28
21	21	37
25	33	28
38	27	26
24	24	34
25	26	25
25	23	24
37	38	26
38	27	20
38	36	36
23	36	32
25	36	31
37	30	31
20	33	39
36	28	23
39	21	25
39	23	38
25	32	21
24	23	36
24	27	24
30	24	37
27	35	26
25	32	26
34	27	35
36	36	37
21	36	36
31	33	23
27	21	37
37	25	37
25	24	27
35	24	35
21	38	39
30	39	36
27	29	33
21	32	34
31	25	25
23	32	37
20	34	32
36	36	38
32	23	35
35	36	26
20	39	39
29	25	38
30	31	32
28	23	27
20	36	34
34	39	30
30	32	32
21	36	28
38	36	20
39	36	29
22	28	26
34	21	31
23	26	36
28	31	29
38	20	32
30	29	32
22	25	35
38	37	37
25	27	26
20	36	38
27	30	34
36	28	35
35	33	39
31	36	34
30	35	24
31	30	29
37	23	20
33	29	27
26	37	38
32	20	23
29	31	34
37	32	23
26	31	25
38	39	23
39	27	28
30	32	20
37	32	23
31	35	29
20	39	28
33	21	37
39	27	20
20	39	29
32	23	23
26	26	34
32	29	26
36	27	30
32	28	27
25	23	38
20	35	35
21	38	30
32	28	27
21	21	23
28	25	23
38	30	36
21	24	27
32	23	24
21	23	32
25	32	36
32	39	30
24	24	21
32	39	31
20	29	38
27	26	22
31	34	27
24	22	27
34	21	28
33	31	20
26	27	32
24	22	28
25	30	36
33	26	36
37	32	39
34	24	25
32	29	21
36	36	33
34	25	25
36	22	24
26	26	28
23	37	35
25	31	39
36	32	33
35	21	34
23	34	29
22	37	30
36	26	38
39	39	23
34	29	36
26	38	20
24	21	23
27	38	36
29	27	39
39	31	34
30	21	32
39	35	20
27	34	33
26	34	25
37	21	38
36	29	30
23	38	24
20	23	21
36	26	24
37	24	20
33	26	37
22	39	38
25	22	25
31	28	34
33	24	35
30	28	24
29	34	27
32	29	36
27	38	29
28	29	35
22	29	30
23	36	35
34	30	39
29	31	25
22	21	31
37	26	36
31	31	22
27	32	30
21	30	23
