30	38	35
37	29	36
39	28	36
32	34	28
38	27	38
20	29	32
33	33	20
28	28	27
31	38	29
23	39	33
21	25	26
26	33	39
37	37	38
22	36	24
31	34	30
27	25	29
24	31	21
27	21	38
32	37	35
25	25	35
24	38	33
31	30	30
26	27	20
29	35	34
31	35	39
31	27	34
37	29	39
34	32	23
39	37	31
34	39	24
25	27	23
39	36	28
28	24	30
25	36	34
39	31	38
33	37	31
31	22	39
22	24	39
22	22	32
35	35	30
35	34	26
21	27	38
23	33	27
34	30	32
35	34	31
36	31	32
33	22	30
37	29	38
33	35	28
37	38	37
28	32	34
37	26	31
27	30	29
26	37	34
20	20	28
32	20	29
22	37	37
23	20	33
27	38	37
31	32	32
26	21	29
30	25	26
21	34	33
34	39	38
37	29	27
36	39	27
26	25	22
39	38	37
24	36	29
30	26	32
37	33	25
31	38	25
35	25	26
22	24	21
27	20	36
37	33	38
36	39	34
35	35	39
20	35	26
24	34	33
39	33	34
37	38	26
35	23	29
39	38	30
38	28	30
33	38	39
34	21	28
36	37	39
35	25	39
22	22	32
30	20	39
39	25	35
20	39	37
34	36	28
37	22	25
35	28	38
25	38	27
32	33	31
30	37	23
31	33	33
24	21	25
32	32	38
35	21	22
25	25	22
25	27	28
26	35	22
33	27	23
22	37	31
33	31	36
25	34	37
23	26	35
31	21	37
39	37	38
35	28	37
30	30	29
25	20	29
22	25	35
30	38	28
20	23	38
26	35	27
25	28	37
36	20	26
30	36	30
24	34	25
24	25	39
30	35	32
34	25	29
28	28	20
38	32	31
28	29	36
24	30	21
31	21	34
31	24	35
31	37	33
22	29	31
28	32	23
27	35	24
31	23	24
30	36	23
27	35	34
20	24	21
29	30	20
39	38	34
33	24	21
30	37	39
20	31	25
37	30	35
21	23	21
27	26	32
25	34	25
35	31	36
28	28	21
31	30	36
30	21	24
31	26	35
32	29	34
30	36	36
39	36	24
38	36	39
32	32	27
32	32	26
37	34	38
32	39	20
39	23	39
32	20	20
21	37	30
36	22	24
30	32	38
28	28	23
29	22	29
28	28	35
34	39	37
26	30	39
22	22	30
35	30	21
29	33	34
29	31	24
32	38	23
32	31	25
32	30	25
23	24	27
33	33	20
20	34	34
33	39	27
30	30	39
36	35	26
37	21	38
33	31	37
34	34	27
24	31	27
28	29	30
30	35	24
36	32	21
26	34	37
32	21	39
24	21	39
31	35	20
35	26	25
33	30	24
37	31	24
29	25	25
29	35	29
25	28	31
21	21	25
25	31	33
22	39	38
30	25	31
21	25	26
34	32	26
23	33	22
27	21	31
21	22	35
34	37	21
27	31	27
25	35	33
39	27	21
33	35	24
29	36	31
30	24	38
22	23	21
32	38	29
23	39	28
39	31	35
37	31	20
23	35	33
38	25	22
27	33	35
37	26	28
31	35	24
34	23	28
27	31	32
22	29	34
37	37	32
37	23	35
25	22	28
35	21	28
34	29	39
27	36	38
38	32	25
26	25	30
22	28	24
23	36	21
31	38	30
37	21	32
38	22	26
31	28	29
37	23	30
21	23	34
33	20	27
35	35	20
33	38	21
23	24	31
31	35	35
38	38	35
36	36	36
32	33	35
38	35	38
20	36	28
31	24	21
25	38	37
29	37	35
24	36	34
24	26	29
24	22	23
24	37	33
39	21	31
27	23	21
20	31	26
21	33	22
21	34	39
36	24	33
21	34	26
22	20	38
20	23	37
27	36	25
23	33	37
32	21	34
28	25	29
33	31	36
22	35	34
29	28	33
35	34	23
33	22	25
23	24	31
32	21	36
28	30	34
28	21	36
22	34	29
38	30	28
31	22	20
32	22	31
39	38	25
24	25	26
28	33	39
31	26	25
22	37	31
22	34	28
30	33	39
22	24	38
27	21	23
25	29	30
24	31	20
33	27	28
35	22	37
21	38	21
20	24	36
36	33	26
33	29	22
21	39	32
24	35	36
37	33	31
20	22	25
34	32	37
36	33	23
33	23	38
22	26	37
33	31	24
31	38	20
33	23	23
31	28	30
25	23	38
36	29	21
34	32	23
28	31	35
22	35	27
25	34	21
30	32	34
21	21	36
26	22	37
38	29	31
22	32	34
29	30	20
25	37	24
34	31	36
34	28	31
37	31	28
31	38	39
28	29	21
30	31	37
33	27	35
26	20	37
31	36	30
32	38	37
37	27	38
30	28	28
20	28	30
34	23	25
23	36	30
29	25	21
37	30	35
26	39	38
22	29	31
21	34	36
24	34	24
32	30	25
35	23	37
38	28	30
30	24	30
32	31	29
33	32	20
33	31	27
23	32	31
24	23	22
28	28	33
27	32	23
30	31	21
37	23	36
32	38	39
26	29	39
27	39	29
32	31	23
31	26	24
39	23	38
33	33	29
22	39	39
33	25	26
34	36	26
26	25	22
32	33	32
27	34	38
21	33	22
23	37	21
27	31	34
24	28	24
35	30	27
22	24	36
29	32	22
34	32	33
29	31	38
25	22	33
20	26	28
33	27	21
30	26	35
25	39	35
26	35	24
33	32	34
31	28	25
36	25	25
33	35	23
34	29	20
27	24	34
38	34	21
32	36	22
34	33	20
33	32	34
33	22	26
35	30	21
29	25	27
25	28	31
24	26	21
21	34	23
25	21	35
22	37	26
26	31	28
24	28	29
29	28	30
27	27	26
28	29	34
21	33	22
37	36	20
24	29	27
24	20	34
38	23	23
33	28	27
23	27	31
31	27	25
24	36	27
27	27	34
35	23	27
36	34	38
24	24	37
20	39	32
21	25	28
22	35	31
39	29	23
21	26	22
28	22	23
24	37	34
30	26	27
23	29	31
39	23	20
20	24	24
30	24	22
36	25	20
27	25	24
39	26	25
20	30	28
33	31	22
31	22	28
33	28	24
36	36	35
39	24	32
25	26	28
20	27	29
25	22	24
29	23	23
28	32	37
39	22	37
28	27	35
35	29	24
26	37	27
23	39	32
29	20	28
21	39	25
39	22	34
28	26	35
34	28	23
21	31	24
36	25	24
25	34	26
34	30	26
39	33	35
36	24	23
25	30	36
34	38	28
36	23	33
20	29	27
30	30	26
25	30	35
31	39	31
33	32	20
36	20	23
23	30	39
29	27	25
34	26	37
39	24	34
22	34	21
32	39	27
38	27	39
37	24	36
34	22	22
20	21	32
33	36	21
28	29	22
33	30	27
35	22	27
32	30	25
34	36	29
31	20	24
28	39	27
36	31	32
36	23	29
28	34	37
24	24	31
28	36	33
33	21	33
33	33	25
37	34	21
39	27	35
26	20	32
38	30	25
25	37	23
20	34	31
36	34	23
25	36	25
37	28	27
35	31	21
31	25	22
24	29	37
24	34	38
36	39	36
24	37	30
36	26	29
26	26	27
23	31	39
36	27	25
31	21	29
27	35	39
30	27	32
35	24	22
29	21	22
25	22	20
31	23	21
29	31	21
37	23	29
22	22	26
30	21	31
35	33	21
24	23	21
36	21	29
32	37	24
39	25	32
21	37	30
24	22	31
23	39	39
24	37	21
32	37	24
32	34	38
37	33	35
28	30	22
26	35	24
30	27	23
27	32	26
31	34	26
27	28	33
34	26	38
25	30	27
29	27	22
35	38	36
38	21	39
33	28	30
28	34	38
23	34	20
22	20	36
21	25	29
39	36	23
28	21	38
36	31	27
33	38	39
25	22	36
22	38	21
32	21	32
35	22	23
25	27	37
26	24	36
32	31	30
24	21	35
27	21	34
37	32	35
28	28	38
24	32	38
36	26	22
22	33	25
39	25	30
29	29	39
26	32	37
23	29	39
30	28	21
35	33	29
34	20	24
26	35	37
23	32	22
20	20	33
22	26	35
30	21	20
39	33	37
37	25	22
33	23	38
22	24	24
25	36	39
25	35	32
20	35	39
21	23	38
26	38	25
23	36	26
36	33	39
24	26	23
34	31	21
35	26	30
28	24	36
33	22	25
22	31	33
35	38	32
36	27	34
31	30	30
38	27	28
28	33	35
27	26	32
24	27	38
33	36	23
23	22	28
35	33	37
27	26	26
23	29	24
35	38	38
21	23	31
20	20	39
36	21	24
35	33	30
32	34	30
32	30	26
24	20	37
39	39	34
36	20	24
34	35	20
25	29	31
21	37	20
35	20	35
20	24	37
35	31	32
25	33	28
34	23	28
39	21	36
39	30	22
27	36	22
25	32	33
38	35	20
23	24	26
36	35	32
23	36	31
22	38	23
21	27	20
22	39	26
22	23	33
22	38	23
22	28	21
28	33	27
35	27	35
24	38	33
22	29	32
21	33	36
25	27	25
37	30	21
28	20	37
36	36	27
24	38	26
24	24	21
33	21	26
36	28	29
31	35	33
38	28	24
29	23	31
22	35	25
31	27	39
37	29	34
27	33	30
38	22	33
21	35	24
21	31	32
32	29	35
36	26	26
27	33	24
35	36	26
30	20	27
25	20	36
37	32	26
29	23	36
28	27	37
34	31	32
23	21	27
31	24	37
24	31	38
21	27	21
37	34	38
22	36	31
31	22	34
35	37	35
25	34	27
22	27	37
39	34	24
29	32	39
28	38	29
21	21	26
31	29	32
37	26	23
31	39	28
32	31	32
30	20	35
37	27	35
25	21	33
29	21	21
23	20	20
39	33	36
21	28	22
36	23	37
31	29	21
34	28	27
35	29	27
25	34	38
25	25	39
33	31	38
37	28	29
34	35	31
39	21	38
29	23	27
27	32	37
23	31	25
30	30	22
29	30	38
29	33	27
32	33	31
33	37	39
24	30	22
37	37	38
37	26	24
36	22	31
33	22	39
26	24	31
29	27	28
25	22	29
33	21	35
31	37	33
35	39	26
34	35	30
35	35	37
21	22	28
32	36	21
26	31	37
25	28	39
28	35	20
25	30	24
26	27	33
26	22	28
32	28	32
20	30	23
26	25	38
29	20	21
21	22	29
32	28	23
21	32	24
36	39	37
30	35	30
28	33	33
23	37	28
35	28	21
36	34	31
31	31	25
20	32	20
30	32	35
26	24	29
34	23	33
31	20	27
38	32	31
34	36	32
35	39	24
34	37	20
32	39	36
23	34	21
31	37	35
31	33	39
25	32	39
37	36	31
29	36	38
31	26	29
30	32	24
24	31	31
22	35	27
21	36	30
23	34	39
37	20	39
38	30	29
21	35	34
25	34	24
32	38	24
34	36	32
23	38	30
20	20	37
39	26	34
36	31	28
23	29	37
26	32	25
34	35	28
36	20	31
21	34	24
20	30	32
31	31	26
39	39	34
33	36	26
33	31	33
21	32	25
38	21	35
35	26	20
26	23	30
38	21	29
35	38	32
38	20	23
37	29	25
32	25	28
29	32	29
30	30	39
32	22	35
25	32	37
39	33	31
26	33	30
33	33	25
29	26	36
39	29	38
31	30	33
33	29	20
34	35	21
24	22	20
28	22	23
37	22	31
27	33	33
34	36	36
23	24	39
29	23	20
39	30	20
34	36	23
27	24	32
39	36	27
22	24	30
28	23	20
30	28	28
27	32	36
37	32	21
28	25	36
21	38	25
31	32	31
32	32	35
20	33	34
38	35	23
33	28	35
32	39	23
24	31	27
34	23	37
28	20	31
25	20	24
31	38	21
26	31	25
38	39	23
20	28	27
28	30	21
34	26	27
30	25	23
37	37	31
36	32	24
31	36	22
25	34	38
25	21	30
27	33	21
30	26	28
32	33	27
26	21	38
21	39	21
27	30	35
28	35	37
26	34	30
32	29	26
24	31	31
33	26	32
35	23	24
24	21	20
25	30	38
34	28	30
21	20	26
34	30	35
34	36	25
31	21	33
23	34	28
34	36	25
39	21	25
33	29	38
39	37	34
20	29	31
39	36	26
35	36	21
29	37	32
32	38	26
22	23	25
36	26	38
31	33	22
28	30	20
39	24	30
25	28	24
28	32	20
37	21	34
31	39	30
28	21	34
36	34	28
21	32	25
25	39	35
20	24	27
35	26	34
32	28	22
29	23	25
20	25	30
37	21	25
34	34	37
36	25	27
32	27	38
29	28	29
23	39	31
24	37	24
30	33	28
34	29	32
35	29	30
20	23	24
34	21	21
22	28	32
20	27	34
31	36	28
30	33	28
29	30	24
21	36	36
29	20	36
21	29	24
28	20	28
39	31	27
36	36	25
39	27	39
27	30	21
37	39	33
30	25	32
23	39	35
36	27	32
34	33	23
39	37	25
26	31	31
26	35	34
23	34	23
21	23	33
30	36	29
21	37	21
26	24	27
37	31	39
24	23	31
37	29	37
37	34	28
30	34	27
30	26	35
37	31	27
36	29	22
20	39	25
27	23	27
34	20	24
37	39	31
37	38	26
33	25	37
37	20	24
27	35	35
34	33	23
32	28	20
26	29	26
34	39	30
38	30	21
35	28	30
24	22	20
37	37	30
32	22	38
23	21	39
36	34	37
22	21	25
22	24	32
25	26	30
27	23	25
26	22	29
20	29	36
22	20	39
23	27	29
34	35	20
34	32	33
26	31	32
25	23	31
21	33	26
22	39	35
34	35	35
35	32	33
36	27	34
29	29	30
