64	41	68
30	36	45
37	42	36
68	64	60
43	53	39
60	45	37
37	39	30
60	48	39
55	58	56
39	37	69
35	68	68
39	39	40
68	62	31
50	59	30
44	49	56
46	64	69
68	51	35
69	39	44
49	30	41
34	65	48
64	33	67
54	53	35
57	43	51
50	55	39
36	64	42
67	33	46
44	34	53
45	57	37
62	39	59
65	36	50
33	38	41
65	48	37
62	48	60
54	59	49
35	67	56
40	61	54
60	68	38
61	43	62
55	57	68
50	60	52
67	57	66
66	34	37
57	44	64
34	47	68
44	66	51
49	60	35
30	32	56
48	68	37
66	36	31
61	47	53
63	52	45
69	51	38
56	59	64
33	36	32
60	40	48
61	36	35
57	63	34
59	60	47
38	47	51
42	50	50
49	68	39
34	62	54
54	61	58
35	48	69
42	37	63
32	57	57
55	43	47
69	35	54
62	58	46
60	39	49
32	52	48
69	57	49
33	58	38
38	33	34
67	68	63
52	64	67
40	47	38
36	44	66
43	47	45
47	32	55
48	60	48
55	40	64
54	49	32
67	57	57
50	67	49
61	32	40
33	58	56
44	53	68
52	68	34
50	67	59
37	58	68
52	49	55
32	53	53
54	61	45
31	63	33
57	32	33
59	41	44
52	59	35
47	63	34
58	47	33
60	65	65
39	67	57
46	34	47
51	61	31
66	66	34
37	40	65
41	52	37
61	56	49
37	59	41
33	62	49
31	47	32
40	47	62
47	35	32
58	62	68
57	50	36
58	50	62
45	67	56
57	68	48
47	54	56
38	36	51
39	64	51
60	47	52
41	58	46
64	69	36
49	62	36
54	66	34
54	35	53
35	30	67
34	55	63
50	32	67
63	46	41
30	35	35
46	30	35
60	31	35
50	35	63
63	33	64
65	44	67
35	31	50
48	41	44
49	43	40
67	41	54
63	58	67
33	58	60
52	41	40
30	68	42
31	62	66
66	47	38
30	68	57
56	47	68
45	50	64
40	66	67
47	65	51
38	67	63
47	33	35
41	69	40
40	67	61
59	37	56
63	65	64
59	43	48
61	64	41
41	66	43
58	48	61
67	48	58
66	63	41
38	60	63
50	37	65
63	35	64
32	57	64
57	37	59
34	52	68
55	49	47
33	56	67
69	46	32
34	58	35
47	64	57
38	59	38
60	66	40
35	37	39
66	58	40
49	61	65
57	39	52
65	44	59
60	65	45
66	60	45
62	48	34
53	31	59
40	33	64
36	39	54
68	32	50
69	56	51
60	42	42
59	65	37
54	47	55
35	64	45
69	34	48
46	36	64
61	62	65
49	37	37
52	46	45
48	61	52
69	48	41
39	42	60
40	67	62
39	62	38
31	67	35
35	68	46
65	59	46
33	65	38
39	60	35
44	61	35
69	35	34
59	45	60
51	52	31
41	58	38
55	46	35
52	33	63
56	40	32
55	44	41
30	64	49
45	55	44
52	46	31
65	49	46
69	62	58
55	42	33
38	69	52
55	61	39
41	44	50
43	56	50
35	57	34
47	65	49
51	64	67
61	33	64
40	60	32
40	30	34
42	64	60
62	30	45
42	39	39
43	58	61
55	45	44
38	60	62
31	54	67
51	53	33
36	33	46
41	66	30
47	51	39
68	59	64
36	69	49
32	38	63
60	48	38
56	41	46
37	52	53
45	60	34
40	56	53
56	51	32
63	63	42
62	31	35
63	30	52
30	54	54
51	69	34
31	49	53
54	39	55
61	30	32
37	59	46
63	43	36
58	48	30
61	64	59
37	42	68
53	39	35
38	38	33
37	49	49
44	33	62
65	69	62
66	49	49
55	64	40
64	35	46
32	56	42
69	60	68
59	48	60
48	42	63
35	45	65
44	58	30
35	49	68
35	37	31
65	64	53
48	47	33
34	60	55
51	52	64
44	56	32
55	51	39
69	67	36
33	32	67
62	54	56
45	48	62
40	56	68
68	69	55
60	49	54
37	68	47
68	68	45
45	39	57
44	37	53
40	54	49
44	44	66
59	69	67
35	69	61
64	48	60
52	43	56
34	58	69
38	35	43
37	39	32
63	62	62
41	35	55
64	35	46
48	38	66
47	41	66
30	58	66
55	43	57
42	36	55
58	57	57
48	35	61
51	50	58
57	35	59
68	31	60
64	35	51
32	64	43
62	61	54
34	69	55
50	62	56
59	41	69
60	61	51
36	62	49
54	31	55
44	57	49
31	33	35
55	47	66
65	56	64
49	61	48
65	68	42
68	61	62
36	68	66
63	47	64
60	59	42
55	35	45
32	59	38
47	67	37
32	41	57
47	65	40
66	61	50
34	37	40
39	67	42
62	31	38
38	31	67
57	49	61
45	58	53
35	49	30
54	55	59
62	44	37
34	59	51
59	41	60
63	68	49
36	52	51
37	38	51
61	62	37
33	39	30
51	58	33
52	53	49
64	68	62
40	67	45
61	44	31
30	66	30
45	33	46
67	49	45
48	51	63
32	53	57
46	55	44
65	63	50
36	54	68
59	41	43
56	45	34
52	49	45
37	55	45
62	53	65
30	50	54
54	47	35
39	31	40
54	61	54
32	48	42
30	59	35
41	39	39
39	33	34
55	39	33
53	51	30
60	42	41
32	46	45
40	56	33
60	62	64
47	46	33
42	32	34
52	52	64
54	59	63
68	57	42
47	34	46
60	34	60
60	37	48
34	62	63
55	43	67
55	50	44
52	51	56
48	50	57
47	63	49
42	58	62
67	39	46
30	49	50
39	51	63
65	52	39
69	37	48
42	51	59
64	45	55
49	44	40
61	31	60
56	33	54
57	34	60
67	43	37
58	61	64
65	57	31
56	36	57
57	30	34
49	44	56
35	47	60
42	57	44
41	61	57
34	40	30
64	64	41
43	47	51
46	46	45
33	68	49
43	59	53
35	66	68
46	67	69
61	64	54
61	54	38
47	53	32
32	38	66
55	66	45
64	45	30
48	48	45
63	68	52
62	50	62
47	62	43
59	38	45
34	61	67
57	35	68
54	56	54
39	38	66
38	42	54
68	68	38
59	59	46
67	43	67
35	54	34
39	31	63
43	50	54
66	39	65
68	61	62
39	44	54
61	66	31
42	35	30
39	48	34
51	37	31
38	58	62
35	54	57
33	42	34
31	36	39
59	46	61
51	32	44
49	66	35
46	49	68
51	64	69
51	59	69
49	57	35
43	65	62
64	59	60
46	50	68
34	54	42
40	57	68
69	43	53
57	65	55
54	38	52
34	57	56
34	69	61
39	54	49
69	67	68
62	56	67
51	38	33
68	51	46
48	68	57
37	31	54
52	51	53
50	32	38
51	49	54
30	50	61
57	67	48
