67	57	69
50	46	67
56	38	65
58	36	37
56	48	40
42	43	40
45	40	38
49	36	51
68	37	39
44	69	37
42	43	53
43	56	35
40	41	34
65	50	43
33	30	57
35	48	39
55	37	43
69	38	49
67	63	37
66	49	44
32	35	51
37	62	63
49	38	58
48	46	43
61	55	58
59	69	55
64	64	69
34	41	35
41	57	38
59	42	42
53	35	42
45	63	34
48	58	47
39	50	65
50	53	48
65	63	58
35	51	42
49	52	37
58	59	42
36	31	61
67	32	48
34	40	52
53	46	50
42	42	50
40	68	65
43	35	62
61	41	43
64	31	65
65	69	57
37	34	49
46	56	54
51	51	60
34	50	40
68	36	48
48	52	61
30	44	30
51	40	46
36	63	47
38	45	47
41	59	61
49	61	45
63	56	69
44	48	46
52	32	56
50	36	40
45	55	48
67	44	33
54	32	56
54	35	30
48	49	44
35	32	38
55	31	69
66	53	54
48	43	34
45	45	61
32	30	53
43	48	31
50	49	44
60	66	43
37	47	38
64	65	33
46	35	69
64	54	63
52	50	50
62	47	67
58	59	31
55	50	63
63	51	57
39	52	68
64	53	41
30	60	54
41	43	53
39	32	40
35	68	60
64	65	49
68	66	59
52	33	49
65	32	31
64	66	40
33	31	60
39	50	33
48	31	45
40	64	44
50	39	36
61	35	39
34	45	67
68	56	62
47	55	68
37	61	37
55	46	68
35	50	50
36	64	68
57	35	35
61	53	68
49	63	61
38	42	38
35	48	45
66	55	46
46	42	63
44	36	35
65	66	54
62	55	59
65	34	46
30	50	57
62	44	63
54	54	48
50	40	65
68	52	60
37	32	30
53	48	36
40	38	53
62	55	64
51	63	44
61	30	54
63	31	53
39	51	46
61	37	39
33	65	48
30	38	42
30	68	62
40	66	49
40	51	67
55	35	56
50	67	67
52	49	59
63	57	32
46	45	59
64	36	61
32	63	34
34	45	34
68	33	43
39	50	46
41	39	64
41	55	33
41	64	62
45	38	32
30	62	39
61	59	58
60	67	45
54	47	63
31	39	65
62	47	60
34	42	46
34	67	33
55	41	63
52	65	65
54	54	65
55	38	38
39	43	35
38	34	31
52	66	31
39	65	59
66	69	41
48	31	43
64	61	53
59	34	39
41	62	58
65	66	60
68	55	37
57	32	56
58	48	66
44	57	38
38	50	49
39	67	47
58	44	67
65	50	45
69	66	63
37	61	56
49	52	34
65	64	51
51	35	62
57	65	42
53	41	53
54	55	33
53	51	64
47	41	62
51	62	53
65	45	62
63	68	60
44	55	62
54	50	54
46	31	34
35	49	53
62	34	31
51	39	50
68	57	69
34	46	67
40	60	34
54	56	45
52	58	35
60	42	35
43	55	57
48	53	48
54	62	42
32	58	34
39	50	33
52	34	60
69	32	37
61	53	53
56	36	41
35	30	49
48	68	58
52	53	46
56	65	49
36	45	41
36	58	54
40	68	66
41	60	39
50	56	44
61	52	42
60	35	55
48	57	56
56	36	39
59	40	35
52	33	58
46	39	45
64	47	39
30	36	44
60	52	46
69	55	50
36	67	44
36	35	59
41	64	56
65	56	54
53	69	51
43	46	69
34	47	52
69	32	60
44	39	47
45	54	63
36	52	42
36	68	43
58	44	48
66	56	47
62	61	64
53	35	63
32	51	31
34	45	39
62	60	59
60	36	52
45	35	59
31	69	61
68	56	64
31	60	47
67	67	51
60	45	53
58	34	56
57	31	45
47	54	30
58	68	45
63	51	58
66	47	50
40	48	53
39	48	33
33	39	58
59	31	54
58	47	69
45	52	62
60	43	30
31	56	51
65	49	57
55	58	58
32	43	31
47	47	59
30	69	33
32	69	36
31	68	33
39	33	52
55	37	48
49	64	56
38	49	59
64	44	67
37	47	63
45	38	33
53	30	67
45	34	53
36	37	56
30	46	69
46	48	36
63	49	39
52	48	42
42	46	47
65	32	69
54	65	68
63	42	41
50	30	36
68	52	60
43	44	49
55	59	39
47	56	58
45	31	38
41	38	65
56	49	40
61	69	56
53	53	32
65	69	32
52	30	56
63	37	43
56	50	32
55	52	45
37	35	64
31	56	59
52	41	35
62	58	32
49	67	54
49	60	32
47	63	66
52	68	67
30	30	35
34	39	66
53	31	33
45	61	45
61	46	54
45	49	31
40	48	58
43	35	51
41	67	65
34	62	37
37	39	59
69	67	64
49	52	50
35	45	54
58	59	45
50	69	61
43	42	43
46	37	39
37	53	45
64	34	44
44	62	51
43	58	52
34	38	38
32	67	37
52	46	54
52	45	54
54	65	34
67	64	57
30	51	43
49	32	62
69	66	63
50	30	54
68	65	55
57	46	61
60	68	67
64	35	49
67	60	43
30	49	67
55	41	56
59	58	66
42	56	35
58	57	37
61	66	65
39	40	57
38	64	64
32	61	42
59	63	49
33	61	55
32	63	36
55	34	37
46	52	57
55	66	67
65	40	69
50	30	58
59	35	50
33	65	31
31	60	53
69	60	35
56	67	35
40	52	48
51	30	54
62	47	43
49	51	37
52	46	65
64	48	32
46	48	59
48	45	38
62	56	35
31	33	62
67	43	49
38	50	43
60	67	34
35	34	60
65	63	56
36	39	31
49	56	34
46	55	53
68	55	44
45	44	33
62	55	61
44	68	66
61	52	69
62	47	50
65	43	61
45	34	65
47	57	63
57	31	51
32	53	31
43	52	65
61	66	62
41	31	49
34	34	64
61	43	35
37	60	64
51	55	59
49	33	32
38	58	51
47	62	59
32	41	56
69	35	47
30	67	68
41	67	54
69	58	67
63	69	46
47	47	34
35	49	36
33	43	48
57	64	68
46	57	30
40	44	44
61	45	49
39	52	35
65	43	43
43	61	53
45	67	52
49	50	54
43	40	69
32	48	67
33	60	68
51	38	52
48	33	32
58	46	50
32	60	48
36	56	54
65	52	68
59	38	39
30	56	56
51	50	61
36	65	45
62	55	47
44	51	36
35	65	31
40	50	36
59	41	41
46	60	53
33	35	38
59	57	46
63	32	69
30	65	69
54	56	39
69	32	56
63	64	55
56	50	54
39	55	42
52	35	55
33	50	31
68	66	44
56	69	51
68	36	47
55	43	32
41	60	39
65	47	36
31	59	41
61	69	64
47	39	63
55	63	54
56	42	47
68	54	51
46	65	39
67	65	53
35	59	48
62	43	68
32	61	40
45	66	50
31	58	55
38	53	31
37	41	51
52	58	34
32	34	56
67	51	60
65	64	52
43	35	32
