45	47	20
54	40	22
42	40	33
64	43	34
62	53	28
36	59	26
52	57	28
43	44	29
39	31	29
65	33	27
44	34	30
51	59	33
42	57	35
43	55	34
53	36	26
40	38	33
62	60	35
42	47	27
65	69	24
67	44	27
43	64	34
68	47	24
40	47	38
35	40	37
42	43	22
52	33	37
42	43	39
49	41	25
52	31	33
30	46	33
30	55	32
68	31	33
64	55	37
56	68	20
56	49	32
48	34	35
41	55	37
58	46	24
53	35	29
40	46	20
32	38	31
41	36	21
61	33	38
42	59	23
54	60	23
62	48	36
35	56	37
49	68	27
42	36	21
37	65	28
33	56	25
63	59	24
32	35	31
41	52	36
50	59	27
52	69	28
53	56	37
45	30	33
37	55	35
68	42	23
58	66	28
55	55	20
57	56	33
61	44	29
53	39	20
58	67	23
30	36	20
41	55	38
43	47	21
59	47	39
45	57	32
44	66	23
53	58	29
38	39	32
69	36	34
41	68	29
56	39	35
46	58	37
48	66	34
31	43	22
44	37	33
38	52	38
52	32	27
66	58	30
43	45	35
58	64	21
64	41	21
43	44	33
52	50	30
30	61	38
63	62	30
48	68	25
56	43	25
58	52	20
36	40	32
63	54	30
59	34	39
55	47	25
65	57	26
35	30	33
52	65	39
53	46	23
35	57	38
30	58	24
52	66	29
43	63	31
44	65	23
54	32	24
69	66	27
43	65	29
33	40	28
36	40	36
42	32	35
55	45	37
31	47	34
49	57	35
65	60	27
48	56	38
56	52	30
40	60	39
54	61	38
59	45	39
30	58	25
43	56	32
47	65	21
47	30	26
57	68	23
62	40	36
68	53	30
66	51	29
50	41	20
60	49	35
38	46	38
34	50	38
53	48	36
33	67	25
58	51	35
50	41	37
53	44	24
62	42	35
34	32	25
58	61	35
33	59	20
38	41	28
33	47	38
58	53	30
55	45	39
60	54	35
57	58	38
58	39	39
53	64	22
39	51	25
54	42	33
32	46	29
40	50	35
37	46	30
60	56	23
36	41	28
48	69	27
60	53	20
66	37	35
56	53	39
34	49	36
68	33	36
56	55	37
34	60	24
61	40	22
67	41	29
32	43	27
43	48	22
38	69	29
69	50	28
58	45	39
55	30	37
33	32	35
36	64	35
46	48	39
60	68	30
68	39	39
33	68	27
47	66	28
33	48	37
41	38	22
49	39	35
45	31	31
35	51	20
49	30	38
60	30	32
68	53	31
46	38	23
45	41	30
33	46	36
35	39	26
51	63	27
49	51	21
52	64	25
61	45	24
57	54	35
55	36	27
50	46	30
49	65	39
51	57	29
60	39	32
48	69	26
57	40	22
62	58	31
30	41	25
69	49	37
52	36	21
60	41	38
47	58	24
32	68	37
31	34	28
53	60	32
50	63	22
41	58	29
53	51	37
43	69	21
58	41	26
40	49	20
43	56	30
42	53	36
37	53	32
63	30	26
37	39	30
40	54	27
46	47	37
30	61	28
35	59	27
50	58	26
64	31	35
60	34	35
41	50	31
58	35	34
68	56	31
35	45	37
38	31	21
64	67	35
39	38	36
37	36	25
58	32	32
49	31	32
53	42	30
41	47	38
33	58	22
30	55	22
44	48	34
68	56	26
47	42	28
57	37	30
67	49	31
48	50	37
49	55	36
35	67	21
43	60	26
65	54	28
37	36	36
44	64	29
65	55	39
62	42	29
47	36	27
33	56	37
31	67	26
47	69	28
59	68	39
48	44	23
54	33	20
61	55	31
42	51	33
63	61	21
36	36	32
55	43	27
47	63	24
63	52	34
32	42	30
62	69	38
64	49	31
51	53	20
33	68	22
54	47	24
65	55	38
56	34	22
64	36	25
33	41	24
59	33	20
66	41	20
66	33	25
57	46	22
62	37	27
49	52	20
40	67	37
58	63	28
53	46	26
37	52	27
31	47	22
56	42	29
45	39	27
58	47	25
64	49	36
47	33	20
64	41	25
65	53	33
50	36	39
60	62	38
45	67	37
51	49	29
68	45	23
63	42	38
32	67	23
40	34	36
43	35	34
36	69	29
46	46	33
46	32	30
35	30	34
35	43	37
65	31	34
43	44	31
41	41	20
59	41	21
34	68	33
50	61	28
63	50	37
30	42	31
51	30	28
36	66	27
38	48	26
53	67	28
69	60	30
66	35	24
58	44	22
32	35	34
39	33	22
66	40	29
57	63	23
37	36	31
34	47	37
49	33	25
47	65	33
62	53	24
65	50	20
63	49	31
31	32	25
44	45	23
46	34	35
56	64	33
31	58	20
41	53	39
55	60	34
56	35	21
67	68	35
60	63	31
30	68	24
57	46	31
33	46	26
64	64	28
64	57	20
45	33	37
46	54	37
31	57	39
50	63	26
69	42	25
54	42	26
33	68	36
40	33	24
42	38	38
69	40	28
31	50	37
58	37	27
36	57	29
67	60	30
43	52	37
50	65	25
50	63	21
55	57	23
50	40	26
51	40	39
56	55	34
63	59	36
46	68	34
43	52	31
37	58	35
63	50	38
43	39	30
32	57	35
33	53	25
57	56	22
53	62	36
42	53	37
65	43	31
33	64	20
31	46	23
50	45	34
54	62	38
53	59	21
48	60	20
63	59	21
42	33	20
43	69	39
53	39	39
56	34	37
36	68	28
44	42	38
48	66	26
48	57	20
55	62	23
39	34	39
49	51	32
52	31	30
57	53	23
39	60	36
69	52	20
37	45	26
35	60	33
42	67	34
58	35	37
59	52	28
36	40	38
51	68	28
58	64	39
33	56	34
67	37	22
32	48	24
52	45	32
63	34	34
34	41	38
33	36	26
30	30	21
62	57	28
57	34	39
35	45	39
49	53	33
50	31	26
44	43	20
40	37	23
51	36	25
43	55	34
69	32	20
34	33	25
43	35	23
59	61	26
59	51	22
57	65	25
35	52	25
36	67	25
46	61	36
31	66	21
38	57	38
35	46	21
31	57	34
33	38	35
47	36	34
34	41	31
51	40	28
31	35	21
66	31	21
67	39	39
64	50	25
35	30	39
65	43	37
69	34	39
47	54	33
66	62	25
69	51	24
37	63	22
52	49	29
64	42	34
56	65	37
35	46	20
66	32	21
36	66	39
57	69	32
46	62	38
51	57	32
51	42	33
58	48	33
38	48	36
34	48	24
53	62	23
40	45	23
63	33	28
41	41	31
32	68	33
50	60	24
33	59	32
60	42	20
30	36	38
41	46	25
62	67	29
60	69	23
44	44	37
64	36	24
53	68	25
31	52	26
39	53	29
68	53	34
62	46	20
56	49	32
67	41	33
63	35	33
