59	49	37
48	49	22
45	46	30
48	51	32
67	40	37
67	31	22
57	68	39
47	37	35
49	55	29
38	37	24
37	41	29
43	55	31
32	49	29
49	32	22
69	53	34
38	51	22
54	50	35
40	35	27
68	46	31
52	64	39
57	39	36
59	42	23
46	57	21
65	31	33
53	52	24
50	52	28
36	58	37
36	39	24
47	44	25
65	57	33
69	51	35
41	41	20
62	40	20
53	48	20
36	33	25
40	56	34
60	66	24
32	31	21
49	32	22
42	59	28
42	64	20
38	38	31
41	56	26
30	62	27
35	57	36
56	63	30
62	39	38
31	36	21
57	40	31
60	43	21
31	31	23
67	63	32
43	47	36
66	45	26
67	44	24
66	58	23
57	56	39
50	33	39
59	49	35
54	44	20
63	59	25
40	35	20
42	36	23
41	43	28
64	30	32
39	66	32
50	38	23
69	68	25
44	58	27
44	33	30
46	40	36
52	65	38
33	50	35
51	38	30
43	59	20
38	43	21
46	39	32
55	49	39
34	39	33
54	49	32
51	45	33
56	30	37
32	56	25
66	49	23
47	35	37
32	61	23
62	42	33
64	48	21
50	30	31
51	62	32
68	57	35
41	50	28
38	69	35
55	44	22
60	68	20
66	35	20
54	64	31
41	53	31
52	34	25
40	65	28
68	59	29
65	63	33
53	69	36
63	58	29
49	67	20
63	51	21
62	50	29
34	62	21
41	63	27
42	53	22
51	51	30
65	50	34
49	30	31
66	48	37
67	35	23
66	47	38
31	62	38
41	64	26
30	60	32
57	58	32
45	42	34
30	37	25
33	34	38
51	67	37
57	37	35
67	50	24
58	47	39
45	64	27
38	51	25
55	39	33
44	36	25
37	58	33
58	34	36
53	65	24
52	69	29
61	64	23
37	59	39
37	56	30
31	51	35
30	36	36
68	56	22
37	66	36
57	52	26
36	40	38
64	33	20
59	34	34
45	48	24
60	33	38
42	48	39
33	32	33
37	42	26
32	61	26
58	39	39
58	44	39
46	60	24
66	49	39
47	52	24
47	56	26
41	53	25
47	68	28
61	50	35
44	64	32
55	68	38
33	31	38
55	68	33
61	56	21
57	66	25
50	37	29
41	44	22
50	51	37
66	50	30
37	35	29
65	52	32
64	57	20
33	62	35
31	44	25
31	67	30
44	44	39
63	33	33
55	39	26
56	51	29
31	51	35
43	69	23
65	41	33
53	37	39
56	48	33
36	44	34
38	57	30
69	55	33
66	67	22
38	34	25
39	35	38
34	65	36
53	53	22
65	43	22
39	62	22
56	45	26
44	48	22
46	66	30
53	51	24
31	69	33
43	51	22
51	38	36
67	46	36
67	68	36
51	44	37
36	65	31
34	61	28
58	60	25
66	42	20
34	57	39
49	32	22
37	33	29
35	63	21
44	58	30
36	32	32
65	35	33
62	43	34
52	35	31
46	40	22
49	43	34
44	39	31
68	66	30
39	33	29
59	68	29
34	65	28
41	48	20
53	59	33
67	59	22
58	32	38
66	58	34
42	53	28
46	55	39
34	62	37
64	58	34
46	47	38
52	59	24
49	32	32
37	63	32
57	59	36
67	60	36
63	38	26
64	50	25
60	32	20
64	52	20
34	47	29
30	39	35
64	49	32
45	63	20
59	63	37
40	45	31
40	58	23
34	59	37
36	37	31
30	58	31
51	32	22
61	41	36
37	48	35
52	34	38
65	32	37
58	44	34
40	38	24
50	36	37
56	39	34
42	36	26
42	40	30
58	44	28
45	53	29
50	31	29
33	48	28
63	69	29
38	56	30
67	45	21
30	34	21
51	69	29
48	53	37
51	69	31
53	43	22
50	65	30
46	51	38
43	38	34
62	43	30
65	43	25
37	63	30
54	56	22
54	40	39
40	60	22
48	45	34
63	65	25
38	56	34
39	51	24
56	32	38
61	41	31
53	48	25
62	52	39
43	63	27
55	46	34
51	43	29
56	61	25
67	64	28
41	61	36
44	58	29
61	48	39
59	33	28
53	46	26
52	65	39
36	37	27
64	44	22
58	44	30
47	38	34
31	37	28
34	31	29
34	67	28
55	60	33
34	32	39
40	61	28
62	55	30
39	44	35
43	62	25
34	61	35
50	35	30
46	61	29
47	44	20
52	47	34
54	51	20
55	37	24
52	48	20
47	35	28
49	62	30
31	62	34
37	47	34
45	64	20
54	55	27
49	65	23
30	47	21
51	42	31
58	61	23
38	31	23
54	33	27
32	42	30
31	36	25
66	51	32
47	48	23
47	59	31
48	31	37
68	59	33
31	69	34
49	37	30
44	31	23
53	67	39
37	37	33
40	32	33
63	44	30
40	32	20
40	54	27
40	62	28
50	66	25
43	41	38
41	65	38
53	58	20
52	34	33
51	63	36
42	69	27
50	63	30
39	47	24
57	45	23
64	40	30
65	35	31
55	67	31
53	45	28
45	53	31
51	57	29
61	68	35
40	43	31
40	32	37
34	60	26
62	39	36
60	33	30
33	54	39
66	64	31
67	30	25
39	48	39
45	39	30
54	68	28
41	59	31
37	46	31
40	38	23
31	39	33
50	32	28
43	40	22
33	37	33
48	32	35
49	60	27
62	36	30
59	39	39
52	60	37
65	62	24
59	43	26
65	58	20
41	66	37
58	55	39
45	31	26
64	64	37
35	44	37
39	54	23
38	54	35
33	49	26
38	31	25
45	46	27
35	67	21
59	61	25
43	30	23
63	52	20
41	66	28
64	30	39
64	37	26
66	47	31
39	46	37
46	35	27
68	46	25
60	49	24
54	49	27
63	54	36
59	67	26
59	36	37
69	32	22
44	39	20
62	69	38
43	40	35
62	32	37
65	61	37
45	34	38
33	56	32
68	37	32
68	64	21
67	38	38
38	40	27
45	52	22
34	61	29
33	52	21
51	48	32
32	44	20
51	51	21
68	63	34
69	40	28
65	54	24
67	65	22
57	30	32
43	53	29
52	37	23
69	62	28
62	56	39
58	47	39
39	66	29
33	45	32
40	45	32
62	32	34
45	39	39
40	49	32
68	30	28
45	58	34
68	47	37
56	54	34
69	52	28
37	69	35
53	54	26
32	54	37
33	37	32
45	67	31
34	37	33
69	55	23
62	39	24
55	65	22
58	66	21
34	54	33
63	42	22
55	43	34
55	66	33
46	31	39
58	34	20
33	60	36
62	63	33
54	60	38
33	31	35
56	51	28
35	43	28
65	46	28
33	32	29
39	52	38
42	38	32
52	34	36
52	41	31
60	47	31
57	44	23
53	47	36
40	54	39
32	69	29
46	60	39
52	50	20
66	51	34
34	40	31
64	68	28
43	47	28
53	50	24
57	33	23
62	51	25
45	46	31
40	52	33
33	30	25
37	51	33
64	56	26
60	56	37
64	51	29
55	37	37
59	33	21
40	46	28
65	47	24
52	51	23
68	48	22
35	66	32
64	61	34
61	52	34
46	49	35
39	50	39
58	39	30
40	46	20
42	38	37
68	35	22
34	33	36
31	63	21
60	31	24
53	62	35
56	59	39
62	57	24
41	60	33
60	34	34
45	68	34
66	30	34
49	31	23
63	48	25
61	34	26
66	43	36
51	44	38
52	51	23
60	59	24
58	47	33
42	60	36
56	66	35
37	66	21
46	31	23
39	62	22
51	37	28
60	69	34
44	69	23
63	43	22
65	37	38
57	40	24
32	61	34
35	52	32
59	66	21
62	44	22
37	68	39
65	43	33
43	49	30
51	49	33
43	48	37
48	33	25
49	54	24
64	37	28
30	62	27
32	40	21
64	60	26
53	62	32
51	44	25
68	59	28
38	34	26
42	62	31
61	46	28
47	53	27
41	67	24
55	51	28
41	64	32
57	47	26
43	37	20
50	59	25
64	57	36
62	40	36
34	67	37
51	64	36
47	30	26
41	60	38
35	32	34
44	64	37
43	39	28
69	40	34
69	32	34
60	50	27
33	42	34
55	58	32
46	40	23
64	51	22
54	56	30
61	48	38
53	49	25
40	65	38
33	61	21
63	40	22
39	54	31
30	38	33
60	33	26
33	38	20
44	63	30
41	59	39
61	43	29
42	49	30
49	38	21
36	55	37
57	63	35
35	47	33
69	36	34
42	39	22
66	41	31
64	43	29
34	62	23
57	44	33
68	59	35
39	43	22
66	33	28
57	62	33
68	39	25
33	68	26
31	41	29
31	54	31
45	53	37
51	69	36
63	46	20
48	43	33
43	58	34
30	56	38
36	37	28
31	31	29
50	35	32
54	50	39
39	49	31
53	45	35
41	44	30
38	46	25
39	41	30
38	32	38
31	36	25
35	35	24
64	57	24
68	41	29
48	43	38
35	66	27
43	31	30
53	44	27
33	52	38
51	44	37
40	37	29
57	68	23
33	37	35
55	37	23
34	32	35
50	47	31
49	68	26
37	62	39
37	41	24
41	58	33
50	51	37
43	34	31
43	59	21
32	46	22
60	49	35
44	39	21
40	67	38
46	41	28
33	59	34
32	51	28
39	33	39
54	35	21
31	40	22
63	39	29
39	41	26
61	56	33
51	44	31
66	36	21
43	43	27
68	62	21
35	57	24
65	69	30
38	49	25
60	64	34
61	55	21
59	45	20
35	66	27
54	43	36
37	52	35
57	41	38
66	34	34
68	47	22
43	55	30
44	62	30
44	46	23
32	51	25
37	63	30
31	56	36
66	51	21
60	35	36
34	62	36
45	56	33
39	61	25
69	42	32
62	31	34
64	64	33
48	58	31
35	57	35
65	34	28
39	65	25
54	38	31
65	47	29
52	61	33
61	66	38
43	39	34
45	68	39
35	36	36
37	40	25
38	42	32
56	38	31
59	44	25
37	57	22
50	67	38
36	63	37
64	56	38
41	35	39
65	40	34
61	31	20
34	37	34
41	59	23
30	49	33
60	37	31
65	48	36
56	51	34
36	56	32
66	54	21
33	53	32
66	32	39
43	40	25
38	58	27
37	47	34
55	59	36
56	55	26
51	54	30
62	35	33
39	46	27
37	63	36
34	37	22
52	64	26
45	33	20
40	68	20
35	59	21
40	38	36
34	68	34
40	57	21
53	32	29
42	62	36
66	58	39
47	46	22
46	66	30
59	44	33
66	65	29
63	55	25
34	57	38
32	57	34
44	53	38
61	67	29
32	65	24
65	44	38
35	49	29
52	34	29
46	54	36
40	50	29
69	68	38
49	63	21
46	57	23
31	37	29
60	60	23
62	30	39
57	34	24
65	60	36
37	53	25
59	52	39
34	33	24
47	45	28
54	51	33
38	58	25
69	35	35
44	42	32
67	49	36
30	30	20
48	44	33
54	53	30
53	55	27
57	58	31
57	61	21
45	46	27
68	39	20
63	35	36
49	32	36
54	38	22
54	47	22
61	56	36
66	47	20
43	51	23
56	62	31
33	41	23
48	34	35
37	54	25
63	36	36
35	39	27
47	31	29
64	63	36
30	66	39
53	57	38
63	58	25
57	32	25
31	31	21
31	53	21
32	38	35
64	62	33
60	60	34
53	69	39
53	41	21
58	50	33
64	50	34
61	41	35
35	62	20
61	67	39
48	62	21
67	66	24
42	47	32
55	36	27
53	41	26
44	44	28
57	44	34
53	51	29
58	38	23
59	44	32
62	45	34
52	51	25
45	42	20
38	40	20
34	43	31
50	62	28
34	65	39
30	30	32
63	51	31
40	66	37
64	54	27
65	57	27
59	47	21
34	41	38
46	68	39
30	60	32
57	53	23
50	62	25
43	39	20
69	43	28
41	56	20
42	40	24
65	49	28
56	47	37
34	57	26
67	59	36
47	56	29
31	68	29
57	52	25
32	68	37
35	32	21
66	53	29
65	65	26
58	49	31
49	53	21
56	34	23
46	69	26
41	56	37
38	34	27
46	33	22
60	48	28
68	46	27
60	64	34
38	68	31
54	35	35
65	64	28
46	69	30
30	52	21
47	69	29
58	67	35
34	54	23
68	48	35
58	38	26
42	64	36
62	53	25
67	34	32
33	44	37
51	43	32
39	67	27
45	37	31
32	67	30
30	46	34
55	65	22
44	59	24
48	40	22
57	30	20
38	43	29
37	39	26
58	41	38
51	44	30
59	44	25
59	65	26
60	36	34
61	62	24
38	34	32
37	49	31
49	46	28
36	57	38
59	37	20
48	60	22
59	64	33
58	55	39
54	65	35
46	36	25
47	42	26
69	36	39
67	65	33
62	53	22
41	59	22
41	39	31
57	65	20
44	51	35
47	30	37
67	36	25
40	65	20
50	64	28
59	67	36
44	47	20
48	55	22
32	49	38
60	55	21
50	34	31
39	52	35
60	36	38
38	41	32
38	37	34
37	37	25
65	48	25
52	66	31
48	37	35
39	41	20
52	30	20
35	67	23
47	63	30
30	35	25
48	68	25
47	57	27
57	39	30
43	55	28
41	66	37
46	37	39
40	34	27
65	48	26
48	62	25
67	68	30
66	31	35
68	33	30
55	36	21
52	56	35
66	43	27
64	48	30
44	40	30
51	46	24
42	59	33
56	63	25
42	35	36
67	32	28
32	57	22
43	61	22
51	60	24
58	42	20
53	61	20
58	47	39
30	37	35
40	62	34
61	39	31
41	58	31
34	49	29
34	65	36
65	38	39
43	57	24
47	55	34
