34	46	32
45	52	30
39	43	35
56	30	32
31	68	24
35	54	31
68	30	37
43	47	37
45	47	39
69	56	25
49	43	39
45	31	37
39	32	34
44	48	26
59	59	33
44	35	24
43	49	20
53	67	38
34	44	26
32	32	39
30	61	33
31	38	36
64	42	32
59	63	22
66	60	30
60	40	32
63	68	36
41	32	30
30	54	39
69	64	37
36	56	25
39	39	34
52	57	28
55	54	34
60	46	26
47	51	22
68	56	22
46	45	27
64	66	36
38	41	27
49	56	31
63	30	23
48	65	31
30	35	23
32	64	34
46	53	23
33	31	31
65	65	28
42	65	39
38	64	39
64	34	25
66	43	25
55	38	27
48	48	35
47	62	29
55	39	28
43	52	27
60	31	36
66	62	35
66	67	36
54	32	39
57	50	34
40	45	23
31	43	39
51	67	24
63	67	35
44	65	35
39	50	35
55	51	29
63	43	36
31	46	30
64	54	39
42	68	30
48	48	35
36	31	37
49	34	20
50	66	34
67	47	28
53	56	37
64	33	22
59	39	21
49	32	28
32	38	35
32	44	31
48	40	34
57	39	27
60	62	24
32	46	33
65	36	35
53	68	34
32	67	27
42	34	21
42	33	26
63	34	23
37	34	36
37	39	33
44	34	28
38	65	30
49	32	36
37	69	30
50	69	25
53	30	22
41	40	20
54	46	30
42	39	33
40	30	26
62	31	32
42	53	23
44	47	30
45	44	26
52	61	25
30	33	27
38	63	31
36	49	38
47	56	24
52	65	34
38	37	28
31	33	35
67	65	20
63	40	39
53	35	27
59	37	23
55	41	31
66	39	27
65	38	28
48	43	24
52	31	37
60	55	24
66	58	22
46	44	38
54	69	29
53	51	20
54	60	39
69	31	22
63	54	27
66	50	26
47	68	38
56	40	25
67	43	26
68	52	25
38	42	28
45	48	38
54	43	38
65	39	35
61	40	38
36	54	39
68	31	21
37	63	28
39	42	20
39	47	29
39	36	38
47	30	29
44	43	27
65	42	25
38	37	33
69	69	37
66	45	39
32	34	21
45	32	26
56	61	25
43	34	27
53	44	30
59	35	28
68	68	24
49	31	22
36	57	24
46	67	29
49	67	22
42	50	23
38	60	29
35	42	34
32	60	39
30	32	26
33	58	29
69	54	36
50	65	23
52	39	38
57	56	32
39	57	30
38	44	27
57	49	32
48	41	34
55	30	29
47	30	35
54	69	23
56	31	26
67	57	21
34	68	32
34	60	33
48	45	20
35	60	25
37	41	25
36	31	33
32	52	25
44	56	26
46	45	37
48	67	24
35	30	22
48	55	28
34	63	24
36	40	20
58	40	27
56	37	32
69	47	23
48	48	32
34	34	30
38	33	31
67	60	27
55	64	38
69	39	35
38	47	35
34	67	33
59	30	34
45	45	27
49	33	20
47	59	30
42	30	35
46	37	35
67	63	38
69	49	39
66	36	30
55	35	31
63	44	37
61	68	34
48	66	27
37	69	33
33	49	33
63	69	26
36	46	26
51	58	37
53	61	20
32	33	25
31	53	23
68	31	22
50	38	20
64	55	20
67	41	25
44	37	29
40	31	33
54	59	35
64	58	27
59	35	22
58	34	35
49	63	35
67	30	35
47	33	27
30	35	22
51	36	30
46	57	31
37	67	35
69	49	21
37	47	33
64	39	21
30	68	26
38	63	34
37	50	29
30	58	35
34	68	28
66	42	25
59	46	24
53	44	32
39	68	34
45	49	31
40	39	35
56	65	22
66	45	35
39	62	32
52	31	27
69	46	30
49	48	21
36	35	24
54	31	38
50	53	21
50	48	39
63	37	22
65	61	28
57	55	31
53	33	22
66	64	25
68	51	28
34	49	35
57	39	33
35	39	27
37	31	20
48	53	25
49	42	21
35	37	39
42	37	38
47	36	36
37	50	20
30	68	36
44	43	30
35	54	38
69	48	32
34	31	36
45	55	30
46	56	26
65	59	37
59	69	22
54	45	35
39	60	31
62	57	20
35	54	39
50	44	35
36	48	39
63	43	34
37	66	32
34	32	28
47	63	39
56	48	34
52	53	25
63	38	33
43	38	25
61	45	28
35	62	35
35	34	37
59	66	38
63	68	33
56	36	23
54	46	37
40	42	29
40	42	28
35	61	22
41	56	36
45	32	23
63	43	34
68	66	21
67	69	29
30	37	39
42	59	34
60	61	39
43	65	34
34	31	20
66	67	39
53	63	28
44	40	23
47	33	29
48	33	31
38	39	29
41	59	31
66	34	31
44	39	23
64	39	35
49	43	33
64	61	29
51	34	38
64	35	28
68	50	35
51	38	25
56	46	25
57	43	32
32	47	24
37	54	32
61	66	28
64	31	30
32	34	38
57	31	24
54	59	35
37	65	35
43	41	25
33	34	29
52	68	36
63	45	37
36	63	39
43	60	35
48	48	23
58	37	28
63	39	35
36	56	24
62	33	30
33	34	22
51	68	35
67	65	24
43	62	27
53	37	36
66	31	27
52	61	32
40	60	29
66	53	26
39	65	31
34	36	26
43	36	27
67	56	22
48	44	22
65	43	37
34	37	25
62	46	34
54	38	25
60	42	36
55	58	20
45	66	30
43	52	26
57	39	27
59	39	20
52	62	37
53	43	28
47	48	36
41	52	38
65	68	25
30	45	21
54	30	22
63	47	30
52	33	30
69	51	30
37	58	20
59	56	37
52	31	33
59	66	27
58	36	32
38	45	31
57	56	33
55	37	28
57	58	30
59	53	26
54	62	38
56	39	36
68	43	38
40	45	24
57	55	38
44	46	34
45	44	27
45	34	22
57	59	24
67	47	23
40	53	20
34	62	34
37	41	36
59	65	25
37	40	30
38	31	37
55	56	38
33	41	39
52	58	30
57	35	37
38	57	25
69	65	25
40	46	21
50	69	24
43	43	26
67	55	24
38	43	21
36	38	20
41	48	24
67	34	27
50	47	28
31	43	36
45	43	34
33	69	21
48	59	23
50	33	20
68	38	23
38	50	34
53	31	37
43	44	31
40	60	22
43	45	23
39	43	32
68	45	37
54	41	22
66	58	35
31	56	30
66	43	37
51	56	22
52	68	23
47	50	34
64	42	26
51	35	21
48	50	39
58	63	21
55	42	29
38	43	31
50	36	39
35	58	32
50	58	37
45	57	22
45	62	21
58	35	21
46	61	22
65	43	26
37	56	31
41	60	30
45	56	24
49	34	26
52	59	37
37	59	24
66	39	31
45	36	35
66	45	37
32	31	37
44	31	29
67	37	23
51	49	26
68	45	26
61	62	28
47	60	36
60	30	30
54	65	34
65	48	29
34	53	38
67	69	22
47	35	22
36	32	34
38	42	23
54	45	21
39	40	37
34	66	33
42	33	23
44	60	31
38	44	37
53	54	22
37	49	39
42	59	35
44	58	38
50	45	37
36	60	28
58	33	27
65	45	32
68	42	35
60	41	25
58	33	34
66	44	26
37	62	21
58	39	24
51	44	38
41	45	32
33	31	39
64	43	28
51	34	39
65	58	30
46	48	33
44	52	24
46	68	34
68	51	39
36	47	26
35	45	31
32	43	21
54	39	33
42	34	28
37	69	20
58	39	23
35	36	29
49	61	35
32	42	36
35	46	29
34	30	34
69	61	38
67	59	35
45	64	24
37	40	23
32	35	28
37	42	26
63	65	20
33	52	22
58	40	23
52	68	27
45	32	39
37	62	26
48	45	39
69	34	29
55	49	37
37	42	22
47	32	35
59	34	35
45	31	30
63	61	34
45	40	20
31	44	26
53	54	26
41	49	20
39	46	28
67	56	33
61	30	31
52	66	30
66	43	33
45	48	37
37	44	38
30	35	36
47	69	22
44	46	21
41	49	38
37	69	22
60	68	31
68	44	22
36	45	38
58	34	38
62	58	34
51	57	22
34	59	26
30	35	31
31	41	33
37	47	31
38	53	24
63	68	20
52	69	20
61	58	26
68	65	31
48	51	27
30	69	29
57	57	21
63	65	34
57	68	21
68	51	29
31	32	33
52	45	29
63	33	32
36	56	22
48	33	27
57	48	39
39	58	35
65	62	25
38	54	22
43	30	27
38	41	34
69	44	25
31	53	24
39	53	35
62	53	29
51	63	27
48	56	38
50	51	35
58	69	21
52	33	33
52	63	28
53	60	31
44	35	27
36	54	36
60	40	32
67	54	31
53	54	25
66	32	27
65	43	21
68	56	20
66	59	34
47	49	31
65	46	31
39	36	33
34	58	25
41	33	22
63	57	28
44	33	27
44	42	37
33	58	21
41	48	23
57	58	27
44	39	39
68	33	39
44	65	32
31	32	33
53	59	26
42	37	21
62	55	31
55	55	39
60	31	28
57	63	29
63	34	34
30	48	36
39	48	24
43	59	21
30	56	27
61	69	39
40	47	23
65	43	21
32	56	36
64	55	29
37	37	22
36	66	29
41	60	25
64	50	26
58	46	25
32	67	31
59	42	23
67	67	37
67	46	22
63	64	21
31	51	37
46	43	25
43	61	39
52	48	23
51	40	21
43	43	23
33	60	31
40	31	36
31	68	38
57	52	34
57	36	37
47	42	26
55	30	27
41	30	23
63	39	37
50	47	29
44	30	28
36	53	38
58	61	31
57	46	34
66	54	25
31	32	33
48	47	27
37	44	32
68	38	24
65	49	32
52	44	27
33	37	36
58	30	28
45	31	22
49	63	20
56	69	29
49	54	34
68	51	38
42	45	27
65	32	26
55	50	32
49	65	31
52	68	24
31	66	20
50	61	38
53	66	32
68	48	35
63	65	25
67	58	29
64	30	24
41	41	30
52	48	39
30	52	37
44	64	26
48	62	23
53	69	37
37	57	27
40	61	23
65	66	39
33	33	31
56	56	33
60	58	25
62	66	30
51	59	20
62	58	37
38	55	23
46	33	39
48	49	26
31	67	34
51	34	30
43	37	31
38	56	28
53	57	29
36	58	28
44	31	30
31	31	24
62	41	35
48	38	21
57	42	31
50	54	28
33	59	30
62	42	35
58	36	22
47	47	31
55	58	34
69	39	29
62	40	32
34	44	37
68	65	37
66	48	23
68	61	26
53	49	23
35	49	20
61	52	36
52	57	38
36	50	29
66	66	37
34	47	24
58	38	34
30	42	27
54	53	39
37	64	39
54	34	31
39	48	21
46	34	31
64	42	27
31	33	32
32	31	30
54	53	30
56	46	37
63	40	29
69	61	28
37	68	38
61	54	31
59	45	24
32	66	32
42	65	26
53	41	28
55	41	34
54	48	20
61	55	22
46	54	36
37	42	27
46	50	27
61	50	20
42	35	26
39	36	35
69	59	23
54	33	35
62	32	27
41	33	27
56	48	39
46	37	39
31	30	25
40	41	28
40	60	23
35	46	39
32	57	26
61	57	35
45	37	26
40	41	39
41	63	24
43	41	36
38	45	33
35	67	25
34	51	29
41	55	29
47	40	35
61	47	36
49	51	20
61	53	29
37	40	34
42	34	25
43	55	30
38	48	24
45	39	27
52	58	22
67	49	30
55	33	30
49	34	21
64	33	26
50	36	31
62	33	24
40	60	20
43	62	27
49	61	29
45	44	28
50	49	32
44	33	31
41	58	24
41	56	33
33	55	32
44	68	34
59	41	39
69	44	26
30	39	25
39	58	27
62	64	26
69	53	20
47	44	27
42	34	27
67	60	23
68	55	38
46	42	38
39	38	20
36	59	36
55	62	39
46	47	33
34	62	30
65	67	31
47	64	31
37	44	39
62	60	22
65	51	29
50	59	24
58	53	33
64	67	32
67	56	39
55	48	20
44	34	34
44	48	39
54	51	20
53	46	34
33	52	31
36	60	37
32	33	24
34	44	22
68	44	24
62	68	24
69	36	32
40	44	22
57	63	28
67	40	30
60	37	34
44	52	37
67	34	32
50	55	38
36	63	31
53	64	30
56	68	34
55	57	33
58	36	35
41	57	23
32	38	31
49	42	25
34	56	37
46	60	25
44	69	29
69	47	29
53	56	27
48	41	36
52	43	39
69	35	35
30	60	26
37	69	38
44	53	21
57	69	38
56	58	26
69	58	29
37	37	24
46	67	36
64	33	26
42	37	36
41	48	22
30	66	30
59	64	32
65	51	33
31	41	24
30	49	29
39	38	39
32	45	39
53	48	23
53	50	20
45	63	37
66	49	24
32	36	24
39	57	20
37	33	34
47	64	27
35	42	32
31	32	27
55	68	38
47	34	31
47	53	24
42	49	32
34	50	20
46	42	32
65	57	38
42	68	22
59	44	26
39	58	32
64	58	25
64	58	20
62	60	24
61	63	22
44	52	39
39	50	29
43	42	29
39	53	23
43	65	27
37	36	27
33	62	33
43	33	22
43	61	32
36	40	28
44	32	26
45	60	39
52	56	20
49	51	30
57	53	21
32	57	28
40	47	29
44	60	32
54	46	22
45	51	35
51	45	35
50	64	28
58	44	28
47	62	32
46	30	33
31	64	30
32	68	32
41	63	24
31	36	32
53	54	37
62	65	33
43	49	39
33	37	29
43	67	37
59	34	32
67	42	25
59	56	34
39	31	24
66	51	23
39	58	34
41	51	22
39	63	20
59	46	25
66	66	28
57	62	34
60	34	21
50	48	28
30	45	26
41	41	35
38	63	20
60	64	23
34	38	23
66	65	37
39	55	20
63	60	39
