36	20	55
21	39	54
23	22	36
34	31	56
39	32	55
25	33	49
37	38	69
30	30	61
34	32	30
29	22	36
21	29	41
34	31	44
21	35	67
22	32	39
22	33	30
29	29	53
29	38	39
21	20	58
39	29	69
31	24	44
29	38	35
36	23	55
34	22	38
24	27	57
37	33	34
29	26	54
36	24	34
21	20	60
30	27	41
21	28	44
38	25	69
24	36	67
39	35	34
22	28	61
20	25	54
34	30	54
27	28	53
29	34	61
38	31	30
30	33	36
29	30	42
28	20	56
21	31	59
24	38	41
35	39	61
33	23	64
31	25	52
26	25	51
20	33	65
27	34	58
22	20	63
25	31	45
24	23	60
38	23	38
31	22	48
24	39	44
28	38	58
35	27	57
36	29	57
21	33	64
31	25	65
37	31	38
21	29	46
21	22	47
35	34	36
24	24	65
30	39	36
31	23	38
39	29	37
33	38	46
39	38	34
24	30	66
28	31	43
26	37	68
34	28	49
36	35	62
33	35	41
31	28	63
22	29	44
30	22	56
24	25	52
21	31	49
27	34	60
34	23	50
21	20	60
31	38	65
29	27	30
27	29	55
22	35	69
36	27	47
26	30	46
36	35	31
36	29	68
37	38	33
22	26	58
27	26	54
26	24	57
32	39	53
36	39	55
23	31	38
20	27	60
30	36	55
34	21	48
33	21	35
29	35	45
25	24	67
23	37	59
28	37	48
29	34	43
22	24	55
20	28	53
38	23	51
21	31	43
38	22	39
35	36	52
20	29	53
38	30	67
28	20	62
33	24	54
30	36	31
35	37	67
23	30	37
34	24	63
25	28	51
23	31	60
23	34	57
30	22	49
24	33	46
23	30	35
32	35	39
25	29	57
30	27	68
26	24	69
38	22	62
26	39	63
32	24	66
37	32	51
39	35	68
38	27	39
20	38	49
31	39	54
25	34	68
35	34	43
34	39	50
32	25	35
22	22	36
25	27	37
25	35	33
24	38	69
36	30	37
34	38	67
20	22	62
29	36	65
20	37	39
24	36	56
20	35	43
26	31	63
26	24	61
26	37	41
24	38	57
20	38	57
20	31	60
25	27	53
29	29	35
20	33	32
24	26	53
31	27	55
37	38	38
36	23	48
33	26	35
35	27	33
34	22	67
22	25	52
38	25	63
24	32	40
37	37	30
33	38	42
35	38	42
21	28	67
37	34	47
38	32	40
27	28	30
34	36	58
27	34	65
21	21	30
30	27	35
33	26	32
32	28	62
35	23	65
21	22	64
23	31	40
26	36	45
30	34	47
32	28	68
35	39	38
31	21	49
32	36	32
21	39	64
37	29	50
26	21	38
25	20	68
20	39	66
30	27	53
30	35	35
28	27	58
35	38	58
34	27	41
29	26	37
21	31	41
39	32	46
35	24	31
23	31	59
35	37	40
22	35	57
39	28	63
23	35	47
27	37	33
31	30	68
30	34	64
23	29	48
36	26	51
30	28	36
21	20	69
20	38	62
34	25	63
39	39	33
25	34	67
21	28	31
28	35	33
25	20	61
23	32	38
39	28	63
26	37	53
28	22	41
21	26	62
38	38	44
30	25	30
35	39	36
26	32	51
21	34	69
37	26	59
31	27	59
32	21	38
22	26	64
20	24	31
34	28	54
30	33	55
34	26	45
23	32	41
20	37	64
28	25	65
37	36	67
28	38	62
32	21	59
37	21	34
35	20	46
38	21	51
25	21	30
30	33	41
35	38	33
35	21	41
39	29	57
20	36	32
32	33	69
36	28	36
34	33	62
20	25	30
29	24	39
32	23	67
25	34	34
25	29	34
37	23	61
30	21	61
37	30	30
35	30	68
38	34	39
20	34	61
22	26	38
31	38	47
37	27	50
36	31	42
33	23	50
36	33	30
37	34	32
37	36	35
24	32	58
37	26	31
32	29	53
21	21	60
33	26	39
38	36	39
29	39	47
38	31	53
27	26	64
27	30	64
24	30	41
29	27	69
22	27	64
33	36	63
35	38	40
37	28	55
37	22	55
33	22	35
31	25	55
34	28	62
31	21	60
34	27	44
32	28	49
21	33	42
26	24	63
22	33	40
23	31	46
24	20	37
21	25	55
28	23	66
23	37	33
24	34	48
28	33	50
38	34	58
34	27	30
26	27	62
34	26	46
25	27	42
23	29	53
36	28	34
31	26	59
20	28	55
36	31	41
37	38	34
39	30	69
30	35	31
39	28	40
26	36	67
37	36	61
34	31	67
32	35	46
27	37	65
35	29	36
34	26	65
20	31	40
36	26	49
30	21	57
33	29	50
36	29	63
22	29	48
39	27	57
24	26	39
32	26	60
39	26	55
32	38	57
24	20	59
26	21	37
23	30	68
28	30	56
21	33	31
20	23	41
27	33	67
37	34	45
20	30	53
39	26	50
20	24	33
28	30	32
26	39	54
25	28	31
30	26	35
27	33	35
25	21	44
30	26	50
24	25	37
22	27	46
38	28	53
32	27	47
30	30	62
35	23	67
38	21	54
22	23	31
35	35	58
35	27	42
22	26	65
33	35	65
21	30	57
26	32	35
27	36	43
21	24	36
27	34	41
35	30	46
21	32	34
30	26	68
34	27	32
26	20	67
35	38	37
28	20	40
35	23	68
21	34	59
39	32	48
24	28	65
28	32	51
26	32	38
30	31	46
35	26	69
24	34	66
35	25	31
36	26	31
36	39	31
33	36	55
37	25	56
29	25	34
31	36	31
22	30	31
38	35	64
21	24	46
21	27	36
23	36	33
26	34	67
21	24	31
25	20	57
25	21	39
27	29	54
23	37	42
33	22	36
20	21	43
21	20	61
29	29	57
20	28	39
35	21	55
35	29	61
32	29	61
20	30	43
20	36	65
37	20	45
32	22	66
23	29	69
20	27	48
22	20	61
27	27	54
36	25	68
31	37	62
33	25	41
23	28	66
22	25	59
35	28	69
37	37	42
31	24	58
33	36	30
27	38	61
22	26	66
35	27	50
33	38	53
28	23	47
28	32	58
27	22	65
22	23	42
22	21	69
32	27	69
38	32	50
27	39	38
37	33	34
27	25	51
30	31	41
37	39	34
23	38	36
38	39	32
28	27	36
30	24	64
20	24	59
37	30	54
35	35	59
29	32	66
36	24	37
30	33	37
38	30	35
32	23	64
23	29	40
22	39	50
31	28	42
35	38	36
21	31	45
25	24	37
38	29	50
21	23	30
37	29	41
24	24	44
31	31	49
26	30	45
20	35	60
29	24	64
31	33	44
32	36	31
29	22	47
38	34	43
22	30	52
31	30	36
37	23	56
30	29	56
31	39	33
26	20	45
25	27	58
29	36	31
32	30	45
27	39	34
