35	32	69
38	27	47
31	33	50
37	23	50
32	23	56
35	30	42
27	27	53
36	39	44
35	22	38
34	32	59
35	32	52
33	26	60
20	23	67
28	37	50
28	21	34
23	30	44
32	26	31
27	27	43
32	23	45
31	21	57
28	37	41
38	31	32
33	24	39
32	37	32
29	33	55
34	28	58
35	39	60
32	25	56
26	25	47
39	27	31
25	24	62
29	31	66
33	36	35
26	25	36
32	25	54
37	37	50
39	28	65
20	20	33
31	39	42
30	21	44
37	25	38
37	31	31
24	20	41
38	38	53
27	37	51
34	29	61
26	24	50
23	25	59
38	29	52
21	29	68
25	37	44
37	21	45
24	27	42
21	20	51
29	24	66
37	28	30
22	29	40
36	22	69
36	21	61
30	30	46
20	34	58
21	29	51
24	33	30
23	37	44
30	33	60
37	23	33
37	28	40
32	35	45
32	33	47
22	30	50
36	24	41
32	37	52
34	20	34
20	32	60
22	24	59
33	26	45
22	38	64
23	30	30
31	25	39
25	21	36
30	37	60
21	39	65
23	25	33
36	32	30
28	29	31
31	32	45
35	20	34
34	23	57
33	20	68
21	26	42
24	29	37
22	31	39
27	28	40
33	32	46
24	37	52
25	21	31
37	28	56
34	25	57
30	33	68
21	39	60
26	34	34
28	22	64
23	34	35
30	23	69
29	25	44
20	35	42
22	32	41
20	26	41
37	39	67
27	28	60
25	31	50
36	26	46
29	28	49
29	36	55
38	39	31
35	24	66
25	25	59
25	33	57
21	31	67
28	34	44
30	33	39
28	29	63
23	39	36
33	21	51
24	34	54
36	36	55
25	27	49
32	29	64
21	25	33
22	39	39
33	39	40
39	21	56
37	29	48
23	39	37
23	28	62
34	32	55
38	29	41
36	39	59
26	24	65
22	25	57
24	32	67
22	20	30
23	36	38
31	26	35
35	22	65
38	28	33
24	37	49
22	20	34
22	33	50
39	29	30
31	35	49
31	29	31
20	29	64
39	38	60
29	39	31
30	33	37
33	31	45
20	20	68
39	29	54
21	39	46
25	31	66
38	38	53
29	23	64
36	31	61
39	32	59
39	28	40
33	38	61
27	24	36
32	25	64
33	34	37
39	22	62
27	20	63
26	32	53
24	26	50
39	33	68
27	31	65
33	39	55
22	36	58
33	31	38
35	39	67
23	38	53
37	38	59
33	37	45
21	33	30
36	34	44
39	33	39
35	21	65
36	26	44
23	36	47
29	29	52
21	30	66
23	30	41
23	35	66
33	30	58
34	21	39
24	28	62
33	28	50
31	36	66
38	38	62
30	25	34
26	22	48
28	20	37
38	38	38
30	22	66
20	37	40
23	37	43
38	26	38
33	27	66
21	31	64
35	30	31
38	38	53
29	36	58
29	28	65
27	35	53
31	24	39
39	23	62
31	21	55
34	21	32
22	36	41
31	24	51
21	23	57
34	36	33
23	34	30
28	31	53
21	28	49
37	27	48
38	28	48
36	21	62
28	30	58
38	28	54
26	25	52
28	28	41
32	20	52
23	37	59
21	33	33
37	37	53
38	27	42
28	33	59
35	22	45
32	24	66
35	35	34
32	27	32
23	20	56
35	31	31
26	34	47
32	28	35
36	23	37
23	32	53
31	29	40
38	24	60
36	34	64
39	24	38
36	27	59
28	30	31
26	33	67
38	34	50
20	30	38
37	37	34
28	34	38
28	38	47
27	38	42
31	27	32
31	31	59
35	35	35
33	31	68
35	30	43
30	21	62
21	37	66
38	32	48
34	31	54
31	30	35
31	21	68
35	25	34
23	34	40
31	34	49
39	27	56
29	22	56
28	25	62
28	34	33
36	26	48
21	31	52
28	39	32
33	22	44
29	32	32
32	34	47
31	26	37
38	20	54
22	28	50
39	29	42
26	37	60
27	34	47
24	23	45
20	31	45
35	21	50
37	21	48
27	31	64
22	35	52
20	35	36
27	20	54
39	21	57
30	27	61
25	31	33
31	34	48
31	28	50
39	34	33
37	31	55
24	30	46
39	31	44
30	23	55
34	31	45
34	21	32
39	28	69
21	37	30
33	28	63
23	25	33
37	21	52
25	31	36
27	23	46
34	23	41
27	36	42
29	31	55
29	21	51
34	21	61
33	39	64
24	24	48
28	23	63
30	28	41
31	28	62
39	27	62
20	37	46
32	29	41
24	36	63
34	34	48
27	28	44
26	23	60
22	32	33
28	30	69
33	31	46
26	26	56
30	35	66
38	22	68
21	39	41
32	31	34
38	31	46
38	30	52
22	22	45
30	36	65
25	26	33
37	31	60
23	22	60
39	23	60
24	24	41
36	39	65
23	31	63
24	34	59
30	27	40
37	31	46
29	39	36
26	39	54
31	28	63
33	37	45
21	27	44
21	32	43
36	25	43
36	36	36
22	26	36
28	23	34
33	21	37
25	29	38
32	34	31
33	32	36
31	36	54
29	30	67
33	26	35
32	26	45
34	39	36
37	28	66
31	33	51
36	22	47
25	21	58
29	23	59
28	36	37
32	22	47
25	37	49
35	28	46
39	28	39
35	21	57
30	31	42
23	21	68
21	26	30
36	28	53
25	29	37
23	35	38
27	24	66
37	21	65
30	34	45
26	38	58
37	27	53
22	28	54
24	31	33
32	29	47
21	36	37
38	29	57
22	24	49
30	37	44
27	21	54
32	27	49
34	35	65
37	38	68
32	29	40
35	23	51
31	22	47
31	34	59
27	31	47
34	38	62
26	24	32
33	21	53
38	26	39
37	34	63
35	28	34
34	29	38
39	26	58
31	24	59
27	38	51
28	35	63
35	37	69
21	24	40
39	20	66
28	28	45
25	21	60
26	24	46
21	37	60
28	38	66
21	37	49
25	29	36
25	37	45
35	33	39
32	26	62
33	30	68
23	35	30
37	26	34
22	24	57
35	26	38
31	30	32
27	32	43
21	36	46
24	26	47
24	21	47
35	33	60
31	29	56
34	29	60
31	34	68
29	25	62
22	33	36
36	31	55
33	26	55
39	27	65
26	22	63
32	21	60
37	35	47
36	39	55
23	29	37
29	32	63
26	28	39
29	38	40
37	30	50
38	21	53
32	27	32
32	23	34
32	28	30
21	32	45
27	22	31
29	32	65
28	36	55
30	30	62
37	31	42
29	33	41
28	23	43
31	29	62
27	37	65
25	25	62
39	23	46
21	28	40
30	20	44
34	36	56
25	36	50
31	29	67
35	38	41
37	36	49
21	30	32
31	38	34
32	39	51
39	36	57
27	37	65
36	36	57
32	31	40
35	24	66
29	29	44
26	39	33
39	23	61
33	34	44
36	38	45
29	26	44
37	30	65
20	30	61
32	21	59
34	31	60
35	31	34
35	37	64
23	34	59
20	34	33
23	38	59
24	30	40
20	26	32
25	21	67
21	39	58
34	26	53
20	35	34
35	34	44
30	22	58
22	22	34
31	27	66
22	37	42
25	26	49
23	31	50
32	29	50
28	25	56
31	36	54
32	24	37
25	24	49
29	26	62
36	33	35
26	34	58
35	36	46
34	20	46
35	36	64
38	24	66
26	22	69
28	32	62
21	30	38
26	25	56
28	31	65
32	27	45
37	28	48
36	32	50
38	38	42
25	34	55
34	27	55
33	24	64
28	26	37
35	34	50
24	27	41
20	29	31
25	37	68
21	30	60
26	20	55
39	21	37
25	33	62
33	33	52
25	23	60
35	30	49
27	29	47
37	23	60
39	29	41
20	36	37
28	30	32
21	30	36
25	37	37
27	29	62
33	25	60
35	31	37
28	31	56
27	35	48
36	37	30
24	28	43
32	37	36
29	26	48
36	24	62
35	32	33
22	27	47
24	26	40
26	25	57
32	21	52
37	24	51
33	39	69
35	29	59
23	39	51
21	29	62
20	23	42
33	27	47
21	23	67
28	36	30
32	31	58
36	26	38
28	28	68
24	32	30
33	32	51
20	29	54
31	39	46
27	27	35
22	22	69
20	30	54
25	21	47
20	20	31
30	24	50
21	38	34
24	39	68
37	24	45
29	24	38
27	29	58
31	32	48
20	34	53
21	37	55
34	20	57
24	26	31
38	34	38
34	24	58
39	26	52
32	35	60
25	22	57
29	34	32
32	28	63
34	30	59
34	20	30
24	36	31
35	24	42
34	29	30
27	30	37
27	33	40
33	28	55
26	30	61
34	30	63
23	28	55
39	34	37
29	38	65
33	20	48
22	22	51
26	38	41
33	34	35
36	36	57
20	23	54
32	31	62
22	31	44
26	32	35
33	37	46
39	21	45
28	33	55
34	38	38
35	21	60
39	27	63
31	34	36
39	29	54
28	28	39
36	35	62
36	38	69
34	32	34
38	34	37
38	33	54
20	31	43
36	36	55
30	34	39
29	24	58
33	39	64
27	34	32
33	20	53
35	39	41
28	21	42
35	21	41
31	28	69
31	31	55
34	30	53
36	35	49
34	33	49
35	31	68
20	27	38
29	30	68
39	28	50
25	32	68
34	29	34
38	24	62
28	35	57
24	26	33
32	23	43
30	36	68
25	34	46
24	21	64
25	26	31
23	27	53
20	36	58
38	37	66
20	39	33
29	31	68
21	25	54
22	23	63
36	36	30
34	37	48
33	39	37
37	34	44
39	31	57
23	24	38
29	20	31
22	37	67
38	33	67
32	32	41
34	24	42
23	37	69
26	24	59
32	30	65
23	39	68
25	37	42
34	22	52
38	22	58
21	35	32
37	35	64
30	38	33
38	37	52
23	31	58
22	25	39
26	23	34
30	25	33
32	22	41
23	27	37
21	23	44
36	36	41
27	25	47
24	27	52
38	25	30
31	36	62
21	21	59
32	36	62
32	21	56
39	26	39
23	34	65
21	22	33
27	30	54
35	29	41
22	34	50
33	20	36
31	20	61
30	22	39
22	24	52
38	32	39
28	21	68
23	31	35
21	39	56
29	31	55
29	20	32
20	24	40
35	32	44
33	22	39
34	24	55
38	23	54
25	38	33
30	20	54
29	23	53
21	27	62
32	39	52
32	21	63
29	20	39
30	29	47
35	25	36
24	30	69
25	20	38
30	33	30
28	39	62
34	30	62
27	30	49
27	33	43
35	35	65
34	22	42
33	29	60
33	29	63
25	31	54
38	27	39
27	33	62
21	38	49
31	28	46
25	20	48
30	32	56
39	36	43
29	39	53
30	34	32
34	25	45
26	28	42
26	20	61
32	38	36
37	26	52
25	29	52
33	27	61
38	27	55
34	26	37
36	32	30
39	20	64
27	38	67
20	33	57
22	35	63
26	22	69
37	23	61
35	30	40
38	28	64
39	20	68
32	25	68
32	27	40
29	35	57
28	36	40
24	27	61
34	23	54
37	23	54
33	26	48
39	28	52
20	31	45
39	27	67
36	37	30
25	36	41
24	25	50
34	37	30
34	38	56
22	39	55
33	26	30
30	33	54
26	30	61
39	26	51
36	28	31
33	30	62
35	35	61
30	21	43
39	22	58
30	39	60
25	30	39
24	27	34
25	23	46
37	21	39
27	28	51
24	39	59
34	36	69
39	30	39
35	23	41
35	38	43
26	33	56
27	24	31
21	35	69
36	22	40
38	37	46
36	22	67
39	39	65
26	34	48
27	37	42
31	36	64
20	39	35
37	38	36
33	22	41
28	29	51
29	28	67
27	34	49
36	30	64
20	20	59
25	28	47
38	37	39
32	21	52
35	39	67
39	39	34
26	32	33
32	38	36
31	25	56
24	37	52
30	30	42
34	26	55
27	26	33
33	26	38
31	24	38
38	35	60
33	32	57
24	30	47
37	35	66
36	33	45
27	38	42
23	28	54
39	32	66
34	29	47
24	27	52
24	28	66
23	23	61
22	26	57
28	24	38
22	39	68
33	30	59
29	26	46
32	30	54
33	28	58
21	33	51
37	27	58
20	31	39
34	23	39
30	28	43
36	23	53
35	39	51
20	36	57
39	20	42
35	21	38
22	36	49
26	29	61
38	35	67
21	27	47
27	35	30
27	26	58
22	25	66
24	38	43
36	35	56
31	20	39
26	32	68
32	34	54
36	30	68
29	22	38
21	37	40
25	35	69
23	20	31
25	22	51
35	28	62
37	39	57
33	22	42
33	25	57
20	31	31
22	38	54
24	34	61
22	32	57
31	29	45
39	26	37
36	27	68
26	22	56
27	30	33
20	36	31
21	26	36
27	37	53
24	27	35
37	32	37
26	26	41
27	27	50
24	30	43
35	37	65
35	20	36
23	31	45
24	39	56
33	25	37
34	26	57
21	21	36
26	20	50
39	37	40
20	26	37
36	26	62
26	36	68
35	27	54
39	24	54
32	27	32
22	30	46
34	35	30
32	27	40
21	21	50
26	27	69
34	33	57
23	21	67
30	30	54
29	22	54
36	29	41
35	26	35
21	23	38
27	35	59
28	28	41
21	21	56
27	36	58
26	36	60
32	30	50
20	27	58
30	31	47
29	23	63
28	29	32
37	35	48
30	32	32
25	27	57
23	21	57
38	27	41
31	22	67
33	29	56
28	28	35
39	29	53
27	24	60
36	32	51
28	20	43
22	25	44
34	39	31
30	33	52
34	27	42
38	35	41
34	22	45
32	22	38
26	21	48
35	26	61
30	31	63
26	33	38
28	22	61
31	38	31
