24	23	33
30	22	53
27	32	60
36	22	59
34	22	41
38	29	39
35	31	44
34	22	47
25	35	69
28	25	62
22	38	41
32	28	39
26	38	66
24	33	58
39	33	33
35	22	57
33	22	34
25	24	46
32	35	57
24	22	61
34	24	33
37	25	64
34	29	31
31	27	35
24	39	33
21	37	68
27	30	53
32	26	68
26	25	50
25	20	57
36	36	57
32	24	48
23	34	53
38	21	43
28	25	47
36	39	49
36	24	31
39	25	34
35	23	43
27	30	50
35	37	69
24	38	43
32	21	32
31	33	39
26	23	67
34	22	30
36	24	40
38	32	56
23	26	68
23	36	30
33	37	31
29	23	63
25	29	61
28	24	34
29	28	55
22	38	40
25	38	41
28	29	66
24	30	32
24	37	52
28	22	57
32	28	39
28	22	35
32	27	58
28	32	63
34	21	67
22	36	67
25	34	49
21	26	30
20	29	32
39	26	57
29	35	64
36	39	46
31	27	67
29	34	58
27	33	54
29	25	36
20	33	52
31	26	69
21	35	46
20	31	45
29	32	66
20	29	61
28	20	61
34	25	64
32	24	54
37	32	60
29	39	48
33	21	55
35	33	39
37	28	61
36	28	60
21	35	62
31	23	50
21	38	63
21	30	67
28	22	58
36	37	66
27	25	34
24	22	38
27	23	36
33	25	55
25	32	33
29	32	67
27	32	69
22	30	37
34	22	30
26	21	62
23	33	53
26	20	53
21	36	38
26	35	31
22	26	39
36	32	32
31	22	53
21	26	31
24	34	30
37	36	64
31	20	65
23	36	68
31	27	42
25	25	37
29	21	50
26	21	57
31	31	41
26	21	38
32	38	30
27	30	30
25	38	48
31	31	40
30	20	69
34	23	68
29	29	43
20	21	49
21	22	52
37	26	68
36	37	31
28	23	63
22	23	68
25	24	68
29	23	51
34	37	62
28	23	44
24	37	59
27	26	66
22	20	42
39	35	35
21	27	63
33	24	53
24	26	47
38	22	54
31	34	69
27	21	64
31	25	61
31	34	66
23	27	67
21	33	35
34	39	48
26	32	50
22	25	61
35	23	33
26	23	50
31	36	60
28	29	51
33	27	65
32	35	64
28	34	59
26	34	63
27	25	34
25	29	52
28	22	40
29	33	62
31	37	57
30	35	31
37	23	33
34	31	60
38	33	32
34	33	65
38	36	41
34	25	62
22	31	48
22	22	33
34	30	36
24	31	44
36	38	34
21	20	59
26	25	41
38	37	53
37	29	67
20	20	67
28	26	58
37	38	69
26	26	45
35	31	64
39	20	32
29	37	46
26	33	48
24	28	40
26	31	61
39	37	63
37	28	42
21	35	68
33	22	30
38	27	37
30	21	68
23	22	61
36	20	52
30	26	60
22	33	65
26	26	48
36	39	49
30	22	56
31	36	69
36	36	44
35	28	43
23	22	44
36	26	42
21	20	44
35	25	39
22	38	56
22	26	53
26	36	60
26	26	54
28	26	44
27	32	34
21	20	30
21	36	34
31	34	54
29	37	51
38	23	43
35	32	66
29	31	61
39	34	30
29	29	49
38	25	31
29	23	42
28	30	34
36	37	45
25	33	54
35	23	54
22	39	41
21	24	65
37	22	42
39	38	31
39	27	49
26	34	35
25	24	41
27	29	62
34	25	44
20	34	30
22	32	64
26	28	62
21	27	48
23	24	64
22	25	56
29	31	61
31	22	41
29	26	32
39	33	40
28	31	49
30	29	50
29	31	56
22	34	48
27	31	54
39	25	57
33	27	48
31	28	43
27	23	36
23	22	45
23	29	37
30	35	67
35	28	50
38	32	46
24	20	40
25	35	32
30	33	36
28	22	33
29	29	52
30	32	56
22	30	54
31	34	48
36	21	49
34	35	53
24	38	33
24	29	43
38	39	65
28	30	45
29	30	52
24	23	63
36	35	51
30	30	43
38	21	56
36	29	59
27	38	37
29	22	50
21	37	47
29	36	64
30	26	49
29	38	56
31	31	30
28	25	39
32	36	62
37	30	62
26	22	31
30	35	45
29	20	51
32	39	58
29	30	46
37	32	58
30	20	38
31	35	50
20	33	40
34	21	40
36	36	54
36	24	43
24	32	46
35	31	51
23	37	42
34	21	68
35	35	42
26	36	69
39	21	33
33	25	50
24	37	30
36	35	44
36	22	67
21	25	62
26	27	51
35	32	43
24	30	36
23	22	63
20	28	46
23	29	53
39	21	67
39	25	31
28	22	60
29	26	36
34	23	48
34	31	63
23	22	47
22	38	42
26	37	40
22	27	67
36	26	52
28	28	57
38	20	35
29	29	68
36	34	55
27	29	36
35	20	34
35	25	54
22	39	36
35	37	49
33	34	40
26	32	41
22	37	49
27	20	68
33	31	60
30	37	32
21	34	41
20	38	42
34	31	64
29	34	56
22	25	43
35	36	35
39	24	57
22	37	41
22	38	55
38	30	55
37	37	35
32	36	63
29	31	55
31	20	46
29	26	48
20	22	47
30	33	56
39	26	55
27	28	50
29	22	40
20	36	53
37	24	48
32	20	52
25	25	36
39	21	36
33	31	33
30	33	46
22	23	68
23	35	66
26	36	48
37	34	50
32	38	46
34	35	67
32	23	62
30	28	50
21	35	63
22	34	67
34	24	41
31	29	56
30	28	38
29	21	33
26	32	67
36	26	38
36	35	57
37	24	61
21	21	44
34	34	44
36	25	54
29	32	46
27	29	59
27	37	65
21	34	59
37	37	60
27	31	34
36	34	46
24	34	57
25	33	38
31	33	46
38	37	31
34	38	36
25	38	45
21	24	39
28	37	48
26	29	51
32	33	45
20	32	54
31	32	63
31	31	64
33	35	41
31	33	54
31	33	38
26	20	51
28	30	66
27	35	48
26	25	43
39	28	30
28	36	64
21	27	62
30	39	37
24	20	51
37	34	30
25	21	51
21	36	40
25	32	62
35	31	37
33	31	48
28	37	66
35	37	30
24	20	41
29	36	67
27	34	42
33	28	59
24	29	34
27	35	48
24	30	47
28	36	64
26	27	48
23	37	44
28	26	46
37	26	31
35	34	41
35	21	38
35	36	57
35	25	36
29	32	47
20	25	40
33	23	37
22	31	45
24	26	39
26	26	56
25	32	56
38	36	61
20	20	45
21	30	52
24	34	36
36	36	56
29	39	37
35	35	40
20	22	50
25	32	42
32	30	61
31	36	64
23	28	30
22	21	51
33	30	62
20	34	60
32	25	55
23	22	49
26	37	43
22	35	63
35	21	52
22	37	55
31	20	40
32	28	62
38	36	37
23	39	64
33	20	67
30	30	30
21	27	51
25	35	67
37	32	67
29	24	43
33	34	46
30	35	40
24	31	35
31	24	41
26	36	58
31	20	66
31	35	31
38	32	68
25	31	68
31	31	60
37	23	46
30	27	65
21	31	60
39	20	54
39	22	36
23	20	43
32	36	40
27	21	30
22	32	38
21	34	65
32	31	35
29	25	32
23	36	69
28	31	33
22	29	59
37	22	65
34	30	34
27	24	68
27	36	60
34	32	38
25	23	46
34	23	52
21	24	64
26	30	48
36	32	53
32	33	39
27	21	49
34	30	44
37	36	58
34	28	63
35	33	35
29	36	69
28	30	43
31	20	49
37	22	52
22	34	33
25	34	55
36	22	54
39	31	44
22	35	45
29	34	38
22	21	44
39	38	50
29	22	68
30	29	35
24	30	31
24	38	43
34	21	50
30	37	40
25	34	47
36	34	31
34	22	61
35	31	67
35	29	51
37	27	67
20	29	35
24	26	33
20	39	36
27	35	59
35	31	36
24	39	43
35	31	40
31	33	38
37	27	62
35	36	69
27	30	35
28	33	50
29	32	69
25	24	45
35	27	53
33	36	65
27	27	55
21	28	40
38	34	52
24	30	51
29	30	34
34	22	43
24	33	40
36	38	40
38	28	62
28	29	69
31	20	56
38	20	47
26	35	38
38	30	51
37	20	35
34	21	67
25	28	43
36	25	65
21	26	53
35	23	39
34	28	67
37	37	41
23	32	40
24	25	60
32	29	61
39	26	45
21	24	37
30	33	61
28	21	34
37	22	66
26	27	61
32	21	45
29	25	58
27	39	63
25	33	46
23	22	58
29	37	69
27	29	30
36	22	30
27	26	35
23	35	33
30	20	49
32	22	37
30	38	44
27	21	65
22	38	65
23	27	33
37	34	53
31	30	32
28	26	67
33	38	63
34	29	44
37	22	32
39	32	61
22	29	38
37	24	62
36	24	42
23	32	49
33	22	54
23	29	39
38	35	40
39	29	37
27	37	64
38	25	49
34	26	44
27	26	31
31	35	45
23	30	47
39	29	53
37	26	62
22	28	32
20	31	31
37	31	64
26	26	57
29	35	37
20	29	52
21	35	67
39	26	64
21	36	54
27	21	47
28	27	38
37	35	42
29	22	41
31	29	31
30	22	63
37	32	53
33	22	59
22	39	38
32	38	57
34	25	59
20	30	47
39	39	38
33	30	35
30	21	69
20	22	60
34	30	42
27	22	38
25	28	42
27	36	42
34	35	32
30	27	61
31	34	68
20	30	34
32	30	47
20	25	59
20	29	66
32	34	42
24	21	66
36	35	35
32	38	50
34	27	30
34	22	39
26	24	35
35	31	43
32	38	51
28	38	60
34	33	31
38	22	50
31	38	67
38	23	69
26	36	34
23	35	64
34	37	55
28	34	40
35	39	56
30	31	59
25	32	69
34	22	55
21	27	37
27	31	35
37	38	61
20	21	34
35	31	37
34	29	63
34	37	44
39	20	67
36	22	60
32	30	60
21	21	37
22	20	51
26	32	69
34	21	40
24	20	67
33	23	49
37	27	44
35	30	52
23	34	59
35	34	40
33	30	45
20	21	41
29	21	39
31	36	31
28	37	47
26	24	34
29	22	52
38	39	40
26	22	50
34	36	51
33	29	61
30	32	54
39	30	31
35	34	65
22	33	41
34	30	54
20	22	41
33	32	45
30	26	65
28	33	57
26	29	46
34	28	30
35	39	66
20	26	64
22	32	35
32	23	61
20	26	50
32	25	66
23	32	52
33	26	69
34	36	43
33	34	43
23	26	64
36	36	61
26	24	47
27	35	39
39	39	43
24	33	59
22	21	53
24	29	40
28	24	32
25	34	34
22	21	48
31	20	57
22	25	34
34	31	67
33	36	36
29	25	50
36	25	62
36	22	41
20	36	42
37	20	46
28	25	53
34	27	64
37	35	47
30	27	36
33	28	44
29	31	44
35	36	34
29	27	49
25	21	64
26	36	62
35	32	56
38	23	30
21	29	60
21	33	59
20	29	59
25	24	52
29	21	35
38	31	46
24	35	50
38	33	33
39	36	49
23	29	37
27	37	33
28	37	38
34	21	30
22	32	61
34	39	48
28	20	59
37	36	44
34	38	44
25	30	43
34	33	33
27	26	66
32	24	55
30	39	47
24	20	37
30	26	60
23	27	42
39	26	47
31	20	65
22	28	60
30	24	67
30	34	36
37	33	61
22	34	64
23	27	38
30	20	50
21	32	31
31	37	43
32	36	55
20	36	46
23	39	50
29	32	39
38	36	55
24	35	49
35	25	39
30	35	57
22	30	62
20	31	34
32	25	46
39	32	59
27	38	59
27	31	43
21	26	30
38	29	34
33	29	43
26	31	65
26	33	33
23	27	33
28	29	37
34	24	38
36	27	32
24	27	38
34	30	54
20	20	59
29	24	48
24	38	51
22	36	52
33	33	45
37	29	43
23	35	42
32	33	36
33	29	56
27	36	56
30	36	48
26	35	54
38	25	35
38	37	30
26	21	64
35	28	35
28	23	50
38	24	52
37	21	56
32	20	54
24	22	61
39	23	41
38	23	30
33	37	32
26	31	40
24	29	47
37	24	59
35	26	50
33	24	32
20	30	63
24	38	38
28	30	39
37	35	52
23	36	53
35	20	56
30	20	37
39	38	38
29	27	55
27	34	37
35	27	61
29	33	46
32	29	57
22	37	69
22	25	43
27	32	64
36	34	68
22	26	42
27	29	60
29	22	36
27	37	53
31	21	56
26	31	62
29	30	38
22	20	60
32	35	50
22	22	64
27	30	58
20	29	36
37	22	46
34	24	30
34	27	41
24	37	48
37	23	39
28	25	66
25	35	53
30	28	52
36	27	59
29	20	47
39	30	39
39	38	61
24	33	65
26	38	47
20	24	44
38	30	43
35	33	51
32	35	56
31	26	69
25	24	51
36	34	69
33	32	63
39	22	54
24	34	38
37	21	58
26	24	35
29	27	54
29	35	36
26	23	32
37	28	69
37	38	57
21	39	30
39	30	43
31	31	49
39	20	51
30	39	69
22	24	41
33	34	48
22	35	63
26	24	54
30	30	61
36	24	69
21	20	45
26	27	67
39	31	41
36	36	50
30	20	69
31	27	39
29	27	40
20	36	69
31	34	52
34	28	35
35	27	53
36	22	63
33	23	30
35	24	55
20	22	30
37	30	51
31	39	47
36	36	38
27	35	33
23	36	31
37	30	31
32	33	63
32	25	38
22	21	50
22	38	31
21	25	64
35	33	66
21	30	63
30	23	30
25	33	63
23	35	46
20	28	46
22	27	62
21	28	66
34	37	47
27	34	39
35	37	31
31	25	46
28	24	61
33	32	58
22	27	50
26	39	32
36	26	45
30	24	32
