27	39	42
24	31	61
20	20	32
34	23	35
25	20	50
28	35	40
29	26	51
36	36	48
20	38	49
37	36	38
34	27	64
39	36	60
35	30	55
32	28	69
25	27	66
28	29	47
36	20	50
34	37	69
35	25	68
32	27	46
26	39	50
28	23	43
34	37	41
37	34	38
36	21	35
39	29	66
30	30	49
31	31	64
34	33	51
34	38	69
23	36	43
23	31	51
29	23	35
27	24	45
27	33	42
32	23	44
26	26	47
21	24	54
23	25	31
30	28	50
27	21	41
33	24	30
20	35	56
25	39	34
26	33	65
21	30	40
29	31	59
30	28	33
32	21	63
33	31	34
24	39	60
27	28	32
31	37	46
35	35	34
20	21	56
26	39	61
20	23	38
27	32	44
20	29	57
28	30	30
29	34	43
22	39	62
23	21	55
20	21	65
21	37	51
28	38	47
35	23	35
21	24	56
26	20	62
23	38	57
28	26	30
37	36	56
33	31	65
21	24	60
28	36	68
20	30	35
31	24	49
24	36	35
32	23	63
25	23	31
22	30	56
24	35	40
30	34	46
23	20	55
24	33	37
25	28	33
30	36	48
25	29	55
28	29	59
34	22	63
24	20	65
28	26	51
22	21	32
23	25	48
25	25	62
32	21	57
24	24	38
26	34	31
35	30	32
36	32	31
28	34	30
20	20	63
24	32	48
20	26	39
30	34	31
22	37	53
24	39	53
32	29	38
34	21	42
26	31	47
35	32	48
28	22	63
24	38	60
23	28	60
31	30	40
22	21	60
22	25	43
35	20	36
36	32	48
21	28	55
26	39	65
35	35	38
25	37	41
21	35	60
20	31	36
25	28	44
36	37	60
23	23	32
36	32	41
29	38	63
20	39	54
32	24	48
34	26	48
22	20	62
34	20	53
25	38	52
27	25	38
32	27	47
34	21	53
28	36	46
39	35	46
35	26	62
22	22	47
25	34	31
27	30	55
34	28	43
20	25	51
24	30	35
38	38	49
37	26	34
32	22	55
30	31	45
22	34	34
33	32	50
34	34	57
35	31	51
31	29	59
26	35	46
33	34	39
31	30	36
35	26	51
22	23	59
32	35	41
23	38	53
36	31	55
29	34	49
24	25	55
29	27	57
23	30	35
23	24	58
34	34	66
33	31	40
27	32	34
26	31	69
20	21	47
25	23	33
39	39	45
20	20	52
25	31	49
29	28	66
27	27	63
38	35	48
25	21	45
33	22	53
27	21	48
37	28	63
34	27	40
35	36	52
35	35	59
21	31	52
22	37	55
34	26	46
27	21	62
35	28	68
24	24	32
28	25	39
39	23	39
33	28	46
32	33	41
24	27	52
27	24	61
36	26	38
32	33	64
31	33	36
39	39	43
26	25	47
31	20	39
39	30	57
28	33	65
34	32	30
21	27	34
27	31	62
36	32	62
21	24	48
24	33	65
24	31	58
26	37	57
30	30	46
28	28	37
38	22	48
37	20	37
23	25	40
35	20	58
21	27	46
33	23	43
36	22	48
21	25	58
35	22	48
30	22	54
27	27	37
31	35	44
37	32	64
26	34	42
33	30	43
25	37	35
26	26	34
39	39	57
24	21	42
23	22	53
27	34	60
30	39	46
33	24	52
32	25	61
21	23	53
31	39	68
38	32	59
32	33	43
27	30	52
26	35	44
35	26	45
34	39	65
32	38	37
37	31	60
24	32	69
39	24	39
30	28	58
27	27	53
32	22	60
23	28	55
30	33	36
32	35	63
34	27	46
28	30	47
26	23	49
21	31	53
20	39	62
38	39	35
36	23	51
39	28	47
20	26	64
23	31	36
39	33	46
29	32	49
39	36	38
28	36	41
29	25	51
32	35	59
35	22	57
26	31	49
35	33	31
35	21	52
32	31	47
23	33	38
25	30	38
34	37	50
23	27	31
32	25	33
25	25	31
26	31	31
37	28	46
27	33	33
21	36	48
31	22	49
25	26	34
29	30	46
22	37	45
31	21	51
25	25	42
29	36	53
33	27	67
20	38	67
34	30	38
29	36	39
37	39	62
20	26	41
30	33	51
29	31	43
31	21	37
28	20	50
36	39	35
22	31	66
31	24	59
38	28	60
28	30	38
30	29	53
34	22	42
36	33	66
39	25	62
26	39	62
20	38	33
30	20	60
34	20	66
31	33	32
37	22	44
34	20	41
31	35	40
32	26	38
32	29	69
39	21	43
29	29	59
21	38	66
20	26	44
28	31	60
34	29	65
33	21	33
24	31	68
22	38	34
22	33	52
38	34	41
35	22	67
36	23	49
23	37	40
35	31	33
35	36	60
33	21	40
35	29	31
28	22	35
33	22	66
22	22	58
33	20	39
23	34	49
21	25	32
38	34	40
39	29	37
37	38	53
32	24	58
39	32	35
28	21	65
21	33	57
38	23	42
32	26	43
37	25	66
36	33	48
33	33	40
23	26	45
28	37	50
38	30	68
34	35	59
35	25	56
25	27	32
28	30	69
37	37	36
36	24	69
29	22	58
22	28	39
33	27	62
30	29	36
29	29	40
36	37	69
20	26	51
33	29	43
31	39	44
31	20	38
28	30	53
32	35	31
37	30	48
33	33	66
33	31	32
24	38	49
35	36	52
35	38	60
24	39	62
30	27	52
26	38	51
35	30	59
36	21	38
32	27	34
27	39	48
31	38	30
30	23	46
25	38	52
36	24	59
35	36	40
23	30	45
33	21	44
32	23	55
36	24	49
24	30	39
30	30	43
34	33	54
39	24	49
36	32	38
29	26	38
34	37	43
21	20	62
25	31	39
29	20	59
35	23	45
34	22	43
32	20	30
30	37	34
29	25	65
22	21	69
39	23	49
23	22	42
34	22	62
38	38	40
28	32	55
31	39	35
29	35	48
36	24	59
29	30	37
28	23	42
35	21	54
22	31	56
22	36	68
33	25	68
30	22	48
26	27	64
21	29	56
31	26	57
30	21	40
23	24	40
35	31	39
32	34	56
30	34	53
34	30	65
26	38	66
29	30	32
23	33	50
34	27	52
31	35	61
33	25	42
24	24	47
33	29	53
27	29	54
24	28	47
20	35	58
28	20	54
34	24	67
23	25	56
29	38	66
25	27	56
31	24	46
36	38	64
37	24	52
26	22	53
26	29	58
25	29	62
25	21	36
28	37	38
28	33	61
29	26	60
25	29	43
22	29	46
39	26	41
36	23	61
31	39	52
20	29	58
27	38	67
28	35	63
21	29	42
21	24	40
26	25	52
31	36	49
33	38	69
29	22	59
25	33	65
26	29	53
27	25	35
25	23	35
29	20	36
32	22	69
25	29	61
26	23	62
28	21	59
20	23	57
28	26	48
35	29	43
39	38	46
