36	24	44
29	20	39
27	29	63
26	38	40
31	29	60
29	28	53
29	22	52
35	29	56
24	29	62
35	24	39
20	28	37
35	24	60
20	30	52
36	35	48
31	20	43
27	30	54
29	37	48
34	21	34
27	36	51
34	22	30
37	27	38
30	30	34
37	28	64
35	20	40
36	27	46
35	26	31
32	26	43
37	27	48
33	36	39
21	35	45
38	22	50
37	29	56
28	30	30
23	25	31
35	29	51
29	36	61
27	33	50
24	39	33
21	22	32
38	23	30
32	35	41
34	39	31
34	20	53
39	35	59
23	28	59
23	22	59
35	23	43
36	31	54
33	29	51
21	29	62
29	35	30
24	36	43
20	20	49
23	39	48
26	29	51
39	37	42
29	30	41
28	25	53
33	23	69
28	32	31
35	25	57
32	28	63
35	29	61
35	38	60
37	20	32
30	34	35
34	29	53
37	34	51
39	28	59
38	22	38
23	33	34
22	23	39
37	27	57
25	33	50
23	32	35
37	26	55
32	39	59
23	32	43
32	22	49
36	29	44
22	32	62
26	28	64
25	33	46
30	27	40
21	35	39
35	38	57
28	23	56
38	24	50
29	25	49
22	36	56
38	27	43
38	22	35
24	39	44
22	36	36
35	25	64
34	38	40
30	29	38
33	22	58
34	38	67
20	28	44
23	36	45
35	28	46
24	25	55
20	34	61
27	22	56
21	34	33
21	24	60
29	33	52
36	29	55
39	31	47
23	29	53
22	28	53
24	30	59
35	35	42
23	36	36
24	37	68
32	30	32
38	34	37
37	33	69
26	25	35
31	21	56
24	28	53
32	37	32
33	25	47
23	38	42
31	33	31
37	31	53
27	32	33
29	28	59
26	36	47
25	35	31
30	26	50
22	21	68
26	36	35
20	26	30
31	26	59
34	29	49
29	37	51
36	21	51
21	22	33
29	21	46
23	28	57
36	27	66
39	38	52
36	29	51
24	33	68
38	21	38
29	27	53
24	26	56
39	27	34
32	36	60
34	22	37
22	27	48
20	36	55
23	36	55
28	23	48
39	20	32
33	32	37
22	31	51
23	38	55
32	31	36
37	20	41
25	21	38
39	31	35
25	29	57
21	37	32
33	24	67
26	39	61
23	30	62
28	27	64
29	34	48
32	39	33
20	36	47
20	25	43
26	21	41
28	32	35
37	36	60
21	26	69
31	30	33
22	33	38
33	21	40
24	25	50
20	20	40
33	26	51
35	29	56
23	32	50
22	20	32
28	28	37
39	29	32
30	22	59
34	34	51
21	25	32
21	20	38
35	31	30
36	32	49
37	25	61
26	33	49
37	32	41
38	21	39
28	23	62
20	30	64
31	31	31
31	35	68
30	28	35
29	26	50
28	36	54
33	27	35
26	27	58
37	36	59
25	35	54
31	27	51
24	28	43
34	37	47
24	39	36
21	28	59
26	34	42
21	22	54
27	23	60
32	26	33
30	22	36
35	24	51
20	26	39
27	35	36
37	25	32
31	27	36
36	22	49
37	25	54
39	24	32
34	33	55
36	38	36
33	28	42
35	39	39
27	21	62
28	20	39
29	36	62
20	23	53
28	36	41
25	30	49
32	34	48
37	33	40
31	37	53
26	39	56
25	31	56
33	34	35
32	34	51
39	32	31
38	25	42
21	30	53
26	38	34
39	29	35
24	39	61
29	29	64
38	32	32
28	32	44
31	34	68
39	28	64
20	21	62
28	36	32
36	36	63
24	20	65
37	20	67
22	21	32
29	32	57
21	23	63
34	23	39
27	24	48
32	27	41
30	39	32
20	23	30
35	24	50
36	36	68
27	26	45
30	25	49
32	29	63
23	34	53
33	22	43
22	32	62
35	36	31
26	39	47
33	35	53
39	39	69
35	21	49
34	38	61
35	23	65
20	36	32
30	24	36
26	34	67
23	39	39
22	30	62
25	27	37
35	21	35
29	39	69
26	27	62
28	20	68
30	28	56
31	39	57
33	22	61
30	24	57
21	38	46
30	23	38
22	36	68
28	33	37
30	34	39
25	26	36
37	33	35
36	30	40
23	39	51
28	30	63
23	29	54
26	27	51
25	28	54
26	23	46
20	37	39
29	25	47
29	29	67
26	36	40
39	28	30
23	27	42
23	26	41
34	24	68
29	30	32
31	31	35
31	34	64
20	25	33
35	21	56
21	30	49
36	37	52
29	38	65
22	35	32
23	32	51
29	21	31
20	20	39
27	31	46
22	35	47
35	24	32
29	35	56
30	29	50
36	26	57
37	37	62
27	24	54
24	34	43
29	26	56
33	32	46
23	39	52
29	24	51
31	31	36
31	35	40
24	32	47
35	38	60
33	30	53
36	34	44
29	20	39
38	27	65
21	32	45
34	32	42
37	26	35
20	22	50
21	20	34
21	23	51
37	33	31
32	20	45
36	36	44
38	29	62
33	30	68
33	35	51
36	39	45
30	36	32
27	33	55
24	38	54
28	34	65
28	39	64
30	24	63
24	21	52
37	35	40
30	31	54
39	32	51
30	20	64
33	28	42
22	34	44
35	29	47
24	21	52
22	23	69
24	20	50
22	39	60
38	37	59
31	27	47
32	24	56
39	29	64
30	24	36
26	26	46
25	25	69
23	34	55
24	31	41
30	30	31
23	21	58
32	27	59
39	32	42
27	34	40
21	38	46
26	30	47
34	26	61
31	27	56
27	34	65
24	25	42
38	33	50
24	37	38
23	27	69
21	33	69
21	25	53
26	27	47
24	23	68
37	35	49
22	28	44
28	30	46
31	23	45
39	25	34
33	23	67
22	28	60
34	26	61
30	33	59
34	33	65
21	38	41
33	29	38
26	25	65
25	26	60
30	36	68
25	32	68
37	24	58
29	32	32
38	27	68
24	35	61
21	30	54
22	34	40
25	27	50
27	39	54
24	31	41
29	24	45
36	23	45
22	23	52
33	25	58
30	38	39
27	32	51
29	28	41
26	26	41
20	38	59
24	20	59
31	32	65
24	30	36
28	33	37
25	33	44
31	25	58
26	35	69
38	30	33
32	21	51
37	33	32
20	21	38
27	20	46
28	23	68
24	29	48
36	34	43
29	20	63
31	24	30
26	38	51
34	32	59
33	27	69
36	38	51
24	35	56
39	36	41
24	28	48
21	26	52
31	35	31
22	28	44
22	38	33
22	30	38
28	25	32
28	36	52
30	25	53
38	30	62
37	30	44
23	27	36
38	38	54
21	37	36
24	31	38
26	28	35
26	34	53
39	29	60
31	39	48
24	32	45
20	31	61
30	20	60
27	39	41
33	27	48
20	24	35
20	22	69
35	21	60
24	35	68
20	38	54
32	21	41
36	35	52
30	33	56
