59	26	32
39	26	42
42	31	63
68	27	41
61	27	41
55	20	56
35	27	31
30	32	59
35	21	66
35	34	47
46	29	42
30	24	68
32	37	64
48	30	52
50	38	41
33	23	40
47	31	32
65	31	37
43	35	66
47	37	67
51	29	55
36	29	44
33	30	35
62	29	61
63	34	66
30	32	53
41	23	68
49	24	63
37	39	54
69	39	51
42	37	39
38	26	32
34	34	67
36	28	51
63	38	47
56	21	43
42	39	49
45	29	42
63	24	39
44	29	52
58	36	46
60	29	64
50	26	53
36	32	47
49	28	60
44	21	43
43	33	58
50	27	63
42	21	30
30	31	54
58	38	56
50	39	43
58	20	46
52	27	32
65	25	62
54	32	67
55	22	37
69	34	60
48	30	35
68	26	35
43	20	31
39	32	31
64	28	66
42	21	42
58	28	47
58	26	61
45	30	66
68	38	42
34	30	62
44	37	63
50	33	33
58	39	41
39	29	31
59	31	59
66	26	37
42	28	42
43	39	64
64	39	48
41	26	38
48	29	68
43	34	33
68	25	32
45	20	49
66	32	34
41	21	31
67	21	61
56	37	50
45	38	38
61	32	54
69	20	39
42	27	30
57	24	58
44	35	46
41	36	68
49	38	38
64	33	57
47	37	37
59	23	69
33	23	68
67	31	38
30	37	61
43	29	49
64	20	63
34	25	58
31	38	51
60	39	34
68	24	58
31	29	56
42	24	50
54	38	32
41	39	41
46	35	34
44	37	48
63	26	30
61	34	59
68	38	58
34	34	60
30	21	44
52	28	62
55	27	65
33	22	46
69	28	57
33	29	51
35	21	61
47	31	68
51	30	51
69	36	46
31	36	43
57	29	35
54	38	64
31	38	63
32	37	39
60	33	66
50	23	63
51	33	42
55	37	46
59	34	36
61	33	35
43	37	52
36	36	40
38	37	44
30	30	41
57	31	39
68	20	37
47	29	32
56	27	61
60	31	55
46	33	35
54	24	68
37	29	46
36	27	64
62	36	50
36	21	52
69	25	46
33	31	32
47	31	68
58	24	65
44	38	69
66	23	60
61	22	56
33	32	31
44	32	46
44	29	52
68	29	33
50	24	47
51	22	62
41	30	42
64	38	45
62	33	62
50	25	62
39	27	45
57	30	48
32	30	59
34	35	31
48	22	66
38	35	40
67	30	56
57	37	50
38	30	67
53	26	41
35	30	50
67	30	37
59	24	66
45	29	31
31	22	57
46	39	53
40	38	30
69	27	32
59	39	56
53	32	66
66	31	56
30	37	49
36	22	49
58	20	42
43	24	57
64	34	57
56	25	52
34	32	37
35	21	46
58	26	38
53	30	34
53	24	56
61	31	36
31	22	45
42	30	69
61	34	61
50	29	41
37	39	66
37	23	67
59	35	53
42	21	41
69	37	33
62	29	51
60	21	46
50	35	31
33	20	65
47	38	44
42	21	63
43	28	50
41	21	68
30	23	40
48	32	39
50	36	45
56	22	43
55	32	58
67	30	57
53	28	65
32	25	64
30	39	54
38	24	32
67	21	55
64	24	69
61	33	68
66	23	56
53	30	58
45	32	56
31	26	60
64	34	66
40	39	35
43	23	36
65	30	31
38	29	50
44	25	54
35	23	44
67	39	44
34	32	35
33	36	54
61	38	68
65	39	31
50	26	64
42	21	39
63	37	57
64	22	60
55	25	54
65	35	54
37	34	42
32	26	62
40	36	31
38	39	50
67	34	61
60	22	56
63	37	34
31	21	60
48	21	46
55	35	30
32	38	41
49	28	65
57	36	46
36	36	50
52	25	58
62	37	66
55	34	52
66	38	45
49	26	66
62	23	61
45	23	57
42	27	31
32	31	45
49	23	40
57	22	60
55	29	35
57	31	42
51	33	47
54	21	43
32	23	58
55	38	57
57	30	69
63	30	30
57	30	34
63	21	60
49	24	59
46	38	67
31	31	59
43	27	38
67	29	31
50	37	54
57	22	63
41	22	47
62	33	35
59	26	59
49	20	59
55	29	50
57	26	45
59	25	53
37	39	65
42	30	50
66	29	48
44	35	48
61	29	65
32	27	52
34	31	65
34	20	48
56	30	47
40	25	55
41	24	40
42	31	33
42	20	63
47	30	49
41	20	54
66	30	42
52	38	38
36	26	39
53	32	54
34	21	55
58	28	67
48	31	39
68	23	45
54	21	50
47	39	44
69	28	33
31	27	46
51	28	40
36	22	65
39	30	40
49	24	35
65	33	37
43	28	36
60	31	47
51	22	41
31	22	45
58	22	45
41	34	44
48	22	65
40	39	59
32	24	59
64	21	61
31	21	30
42	21	45
45	28	52
49	33	55
48	31	69
61	36	64
57	26	56
43	39	46
66	35	60
48	31	44
62	39	40
66	23	43
51	28	68
55	22	51
34	31	48
47	39	43
62	25	37
61	37	41
55	32	45
30	38	39
43	33	63
46	24	31
30	23	59
56	27	62
48	39	35
49	38	68
31	27	57
60	32	33
58	37	35
54	39	37
30	33	52
65	38	59
41	23	47
35	36	38
40	24	56
46	25	65
68	38	41
38	24	52
43	27	64
40	22	33
64	31	54
40	24	52
50	28	43
47	21	32
56	21	48
59	37	37
47	33	51
52	36	59
48	24	66
64	38	69
69	32	65
58	36	35
60	35	48
67	23	52
61	39	54
68	34	63
47	25	60
67	25	41
69	21	31
42	26	32
66	26	49
40	37	67
65	24	53
52	27	59
48	37	51
65	35	57
42	22	33
54	24	59
34	39	49
53	20	51
44	23	60
52	29	61
43	35	49
39	30	65
55	20	38
59	38	63
37	38	68
36	22	38
65	24	64
63	32	56
52	31	62
46	32	46
52	22	52
67	39	40
50	23	57
39	21	36
34	30	46
63	23	44
35	22	51
44	30	59
59	37	67
34	26	44
50	20	45
43	24	54
39	39	38
37	23	63
54	26	46
59	33	44
53	37	31
67	30	36
44	35	68
68	38	53
61	38	32
45	27	31
44	36	48
50	25	43
43	39	66
56	21	63
53	26	42
64	23	69
66	35	35
49	38	40
35	31	48
31	23	34
45	25	63
36	37	59
37	37	37
49	37	50
59	31	52
52	30	52
63	23	44
64	28	37
66	31	49
64	36	41
68	38	49
58	31	40
38	25	60
50	24	40
46	20	43
56	32	47
35	25	63
35	34	69
59	36	33
49	21	34
68	35	34
52	32	55
53	28	57
36	25	56
34	30	39
62	35	62
40	34	61
64	38	42
34	21	40
32	27	51
61	26	48
53	38	32
67	28	54
36	36	34
32	21	69
46	33	51
45	38	55
34	20	43
68	30	50
45	23	51
59	23	37
61	21	65
33	35	62
61	39	68
57	33	69
45	34	35
44	26	58
51	28	65
30	20	58
60	34	40
48	38	33
59	28	39
40	26	54
43	23	40
66	39	42
65	34	48
68	36	35
38	23	62
49	32	55
63	36	47
36	21	59
69	28	59
31	38	36
58	28	64
32	26	60
31	32	33
64	21	38
60	35	40
64	21	37
30	38	42
58	20	67
43	25	51
35	26	59
60	32	56
53	37	48
64	26	36
67	37	62
50	28	43
43	20	69
69	35	65
45	38	67
30	25	42
69	21	53
42	29	40
54	21	65
61	26	53
50	29	37
56	37	65
58	37	65
56	21	38
64	31	31
67	39	41
32	31	57
44	30	30
66	39	30
43	37	57
69	38	47
37	26	61
30	20	41
35	39	60
43	30	51
68	36	32
41	32	68
63	28	47
64	28	52
42	24	62
61	33	48
34	31	58
43	30	43
50	37	43
49	23	48
47	27	53
65	32	65
69	37	69
46	29	30
32	25	31
57	31	50
45	39	31
54	21	53
69	34	63
49	23	37
52	21	69
42	36	32
67	31	54
34	27	44
60	26	39
57	21	58
49	29	33
41	30	67
34	36	52
44	21	51
54	39	59
54	24	43
40	38	53
52	34	69
30	38	52
57	29	43
48	21	45
55	37	58
60	39	38
31	26	66
62	34	47
41	33	34
58	34	58
60	27	64
34	24	43
43	30	35
61	20	54
47	34	43
65	26	36
53	33	42
40	26	30
32	22	46
63	26	63
39	27	61
63	26	51
54	37	44
68	20	50
52	37	45
57	39	59
54	39	42
38	31	57
36	34	41
56	20	59
34	34	69
43	21	67
56	36	62
46	31	57
44	33	55
39	23	45
44	28	51
36	39	38
50	33	30
52	35	52
57	20	31
52	22	66
42	39	60
47	34	66
38	24	37
34	33	69
41	38	65
58	35	42
64	29	56
63	23	69
41	25	52
48	21	57
50	31	59
68	26	66
50	35	45
60	35	55
37	26	59
47	26	65
60	35	47
61	27	32
68	35	43
46	28	48
31	35	64
64	38	58
40	30	45
66	35	43
66	31	59
54	39	50
32	31	60
47	35	38
41	33	54
61	30	38
45	29	41
35	35	34
55	23	35
55	38	32
47	33	67
64	25	49
33	32	68
38	21	67
45	25	63
40	27	53
60	24	33
50	23	35
38	33	59
49	25	66
69	24	54
52	27	33
55	30	55
69	23	55
50	31	40
41	30	33
69	35	56
62	35	67
54	25	50
31	30	66
60	34	66
41	37	67
66	24	45
47	38	67
30	31	49
69	21	45
40	25	59
44	25	49
42	36	36
51	24	67
47	24	54
65	33	39
34	35	61
38	27	45
33	32	67
38	28	43
56	24	61
39	27	62
36	37	60
53	27	55
51	26	67
67	32	62
32	38	66
43	31	68
34	20	64
58	29	34
34	38	36
51	37	57
37	32	65
44	36	42
43	21	61
46	30	57
64	32	54
55	21	37
56	32	46
46	28	54
64	33	34
31	33	59
45	29	62
49	27	69
65	28	36
61	37	36
44	30	55
45	33	60
47	36	46
46	31	34
54	37	67
44	38	31
55	32	67
63	20	49
67	27	64
54	32	59
61	29	43
56	26	30
62	28	50
43	35	33
44	26	32
51	36	55
40	20	50
68	25	37
65	38	54
57	25	41
52	20	42
51	20	30
51	28	43
33	38	55
38	25	51
46	37	59
44	21	69
65	31	44
30	29	31
54	37	31
46	23	69
35	24	69
39	29	47
62	35	30
55	27	60
41	21	36
59	28	48
31	24	55
38	36	64
31	21	42
52	34	37
45	26	41
32	34	50
45	33	55
34	21	65
63	26	43
56	31	53
58	28	63
34	28	49
68	26	35
48	35	67
53	29	65
69	38	31
68	22	59
58	29	54
69	22	47
41	27	69
53	26	46
40	33	53
41	30	44
64	35	54
41	28	62
63	23	51
62	29	62
61	28	60
34	38	63
31	36	43
32	36	54
65	32	41
37	21	58
39	24	60
48	27	67
32	38	34
47	31	44
38	33	67
32	30	63
48	35	44
62	35	44
62	33	66
40	27	54
56	29	52
30	24	38
47	31	49
46	20	31
50	21	61
35	37	63
38	27	33
51	20	50
46	31	61
51	20	66
62	32	52
49	28	46
67	23	51
32	28	59
36	34	45
45	22	57
51	26	60
63	26	34
60	22	46
38	32	31
64	24	39
63	34	53
40	24	64
65	21	44
48	27	49
52	32	61
38	39	33
42	29	52
59	29	41
69	33	44
37	38	52
39	39	57
45	21	31
62	34	63
32	23	54
33	26	61
60	24	49
69	31	34
37	38	33
54	21	39
53	26	48
57	28	56
39	29	53
52	26	55
56	32	44
60	36	30
44	23	42
40	35	33
68	22	45
55	24	37
37	30	62
32	22	58
37	37	54
58	28	67
57	23	45
58	28	55
59	28	37
40	32	46
44	27	47
53	37	48
35	39	52
58	32	34
45	20	35
67	28	50
47	32	52
65	26	38
54	39	33
36	35	54
57	21	40
45	28	68
56	21	65
34	33	54
50	31	53
47	20	36
45	36	49
65	37	32
36	23	67
56	39	67
31	27	69
33	36	68
68	39	41
46	25	62
65	25	68
40	36	39
50	35	31
34	29	38
44	32	61
40	38	47
32	38	53
31	21	34
58	22	49
57	20	35
31	39	40
64	24	65
63	28	68
37	21	56
30	29	43
64	26	48
53	32	31
60	26	40
63	31	38
37	31	39
37	21	66
68	26	66
62	36	50
48	29	38
68	36	68
57	30	63
41	34	50
45	25	68
53	23	30
38	37	52
60	20	46
69	36	66
55	35	56
41	38	61
34	38	30
49	33	53
50	30	40
67	29	30
59	31	51
47	22	31
47	22	42
59	33	41
33	23	35
45	21	56
45	30	53
51	24	65
31	39	69
49	27	45
62	28	56
68	33	33
65	24	50
45	30	45
65	34	52
47	33	58
41	27	65
45	26	52
54	27	33
35	38	42
58	26	47
52	28	58
65	31	41
56	20	34
49	26	67
45	24	39
47	21	43
63	35	54
32	35	41
67	37	34
62	30	44
50	37	45
41	22	64
66	35	30
37	29	45
39	22	55
64	27	37
46	33	45
49	28	40
58	32	36
45	38	31
63	33	47
61	38	68
33	29	43
37	25	45
61	35	33
47	30	41
33	31	37
47	32	59
33	39	33
30	20	34
32	25	43
31	31	30
52	23	61
61	26	44
30	31	48
58	25	47
49	26	52
60	28	44
58	32	53
54	21	51
65	31	32
55	25	46
47	31	46
53	30	31
57	24	49
63	26	47
60	25	55
