65	25	48
55	31	61
69	34	38
30	21	64
52	35	43
69	20	62
68	35	49
30	33	47
32	35	55
50	31	56
65	27	34
56	29	59
39	23	51
50	32	45
66	27	32
39	33	47
33	23	42
40	34	56
68	27	49
54	24	39
62	29	39
64	38	63
42	31	34
37	21	53
49	32	68
61	34	55
47	31	33
46	22	59
45	35	61
58	38	43
40	22	48
54	25	39
43	20	66
35	28	61
62	31	34
39	38	32
68	36	40
31	38	59
49	39	60
35	24	62
31	29	65
51	37	32
63	30	50
39	27	67
35	21	69
67	33	42
53	30	51
30	21	40
54	28	67
47	37	31
52	31	65
64	20	55
69	31	62
39	32	54
46	35	41
52	31	65
49	23	65
69	36	43
49	33	35
41	36	38
38	25	58
62	39	45
40	29	62
65	38	36
67	25	65
53	24	41
32	26	35
54	28	38
58	35	68
37	37	56
51	25	40
43	34	43
65	33	37
47	35	49
53	24	68
43	31	54
37	36	37
49	22	33
50	33	31
56	24	43
66	22	48
57	23	37
69	28	47
44	32	36
58	36	53
60	32	66
60	28	48
69	35	55
45	38	56
38	27	55
43	25	42
58	21	54
35	21	50
60	21	64
60	22	67
59	38	34
55	34	58
64	31	40
65	31	34
53	33	46
41	24	65
50	39	62
61	22	39
32	25	53
53	34	46
39	37	51
38	26	55
61	32	30
53	39	53
55	39	37
68	29	69
61	22	68
64	21	68
63	23	33
50	36	41
36	28	50
47	27	54
66	39	32
38	25	39
30	24	37
41	33	40
55	24	43
42	33	44
55	29	65
46	25	51
58	20	63
56	31	60
37	25	47
56	36	35
61	26	35
60	30	31
55	33	31
49	29	37
47	30	54
56	25	37
61	30	46
61	22	44
45	34	44
45	28	64
40	36	40
63	26	57
65	23	31
59	38	38
39	21	53
47	38	60
53	31	42
40	29	36
65	32	45
66	26	38
47	36	60
62	35	33
33	25	49
64	34	53
46	30	67
31	30	69
68	35	37
57	28	48
35	39	52
30	34	68
49	23	51
69	27	51
60	26	49
63	30	33
69	24	33
60	26	47
66	38	52
55	27	62
54	32	63
60	38	38
51	31	38
68	34	57
57	32	49
32	24	69
32	34	65
63	36	58
60	32	66
66	38	45
37	32	62
50	20	45
30	24	38
34	25	69
35	36	52
43	23	38
57	37	67
33	27	38
54	35	64
58	28	47
44	24	66
61	29	41
33	26	30
41	37	58
66	36	35
38	22	49
58	23	65
39	25	44
32	25	53
57	26	40
32	33	43
41	21	38
68	22	54
64	31	30
61	24	56
67	37	49
50	24	37
69	28	53
65	31	63
63	30	43
43	27	59
44	32	32
34	23	32
54	38	57
39	32	44
35	25	62
66	27	43
58	25	49
67	35	60
39	38	66
64	31	67
61	33	51
57	39	59
39	39	32
30	34	66
66	25	46
56	34	62
62	31	34
30	23	44
31	23	54
36	23	38
52	32	63
32	25	69
68	22	46
60	36	49
45	32	56
65	22	33
58	39	47
54	21	62
30	22	69
51	38	40
43	36	48
37	39	30
63	32	39
45	25	50
32	37	39
61	35	41
68	31	38
69	24	36
45	26	58
47	22	52
37	22	63
60	30	33
53	32	62
38	27	45
69	28	64
30	27	32
53	22	48
53	30	57
67	35	42
45	36	57
44	27	69
49	27	34
37	34	48
64	38	40
64	32	49
67	26	44
51	26	66
40	32	69
57	32	43
69	26	51
44	23	42
44	33	64
61	20	61
56	36	58
66	32	53
54	38	65
38	24	57
61	37	45
64	28	64
69	26	69
48	23	40
69	28	61
31	22	33
67	37	30
44	21	54
66	27	34
41	24	30
30	36	67
37	25	31
42	31	63
54	38	46
61	36	51
48	35	49
46	24	54
60	26	69
42	21	36
66	28	62
46	26	35
40	29	38
38	26	69
54	39	61
39	21	44
41	21	34
56	30	68
68	20	57
57	38	30
46	22	36
50	23	61
34	25	58
55	39	36
68	26	40
56	20	42
45	20	49
35	36	40
56	26	53
68	20	30
64	29	64
32	22	55
36	37	58
54	30	39
52	22	64
36	28	51
48	35	44
56	21	63
43	27	64
36	29	68
40	36	46
60	26	44
68	35	37
69	20	53
46	37	31
41	21	47
40	20	53
41	34	31
67	30	57
62	29	45
56	22	41
36	39	44
63	27	67
39	30	45
65	32	43
67	32	53
64	30	59
34	26	36
48	35	33
65	30	32
60	23	46
45	35	38
30	26	63
60	36	55
53	21	37
55	22	47
44	36	57
33	24	67
52	37	43
43	32	45
44	33	56
51	29	30
41	24	46
64	33	57
44	24	41
62	29	33
64	36	55
34	20	35
54	30	39
62	35	49
43	37	61
45	31	30
41	30	44
57	21	47
40	25	34
48	37	57
60	35	43
50	37	44
53	36	36
31	26	48
59	29	52
39	24	43
42	21	54
56	24	48
32	31	65
50	35	37
44	38	56
68	20	42
52	21	66
32	20	50
39	23	52
40	29	49
41	36	38
46	25	46
32	30	57
51	39	52
69	26	56
38	35	41
48	35	65
53	35	32
68	23	55
61	36	37
37	35	52
69	32	35
30	38	68
47	23	66
35	37	46
47	31	31
54	38	36
40	28	32
49	38	48
64	31	35
44	23	40
44	30	34
49	30	31
60	32	41
41	25	54
65	33	43
38	26	59
52	36	56
66	24	34
46	27	59
49	30	56
35	36	34
69	27	67
51	27	55
47	32	47
69	32	34
55	35	43
39	23	49
51	39	66
30	38	63
49	20	42
57	37	67
59	22	68
65	33	67
32	37	59
32	32	41
64	24	33
52	35	64
42	30	48
37	26	54
33	28	43
47	24	61
61	22	58
69	21	42
61	28	67
62	39	63
37	20	32
39	20	49
56	31	65
36	35	39
35	22	53
30	25	40
43	21	67
67	28	53
47	26	68
36	32	66
34	26	63
42	25	55
49	35	32
51	26	43
48	25	37
64	36	69
46	33	32
39	34	46
69	30	34
64	32	32
62	30	54
63	39	56
59	21	67
37	33	69
31	21	47
41	25	37
54	33	65
30	20	38
60	27	66
41	29	54
50	21	59
66	29	55
67	26	54
67	34	63
63	20	55
43	21	66
43	24	33
39	24	59
39	35	46
63	37	46
52	27	60
60	22	68
65	30	33
49	24	60
69	36	50
34	26	54
31	20	33
63	26	32
51	21	51
63	25	35
41	29	31
32	26	46
63	25	35
56	34	60
41	22	39
64	23	49
44	35	43
62	26	62
