61	20	41
36	36	40
66	37	52
64	39	42
48	20	51
45	20	51
60	37	53
63	29	51
60	37	41
52	25	64
55	29	66
68	28	45
60	29	57
35	24	48
46	39	42
41	32	66
39	20	55
62	32	39
65	22	38
39	35	43
43	34	69
48	24	63
40	30	48
55	27	66
68	20	34
36	32	35
33	23	55
53	24	56
31	26	52
61	28	44
39	38	57
69	34	46
59	31	48
69	28	60
63	24	52
33	30	56
63	24	55
59	39	56
56	24	58
31	21	61
62	25	37
63	28	56
41	36	35
46	37	60
66	33	56
64	35	49
46	25	44
30	28	69
33	22	63
33	24	67
45	20	50
42	23	30
60	34	63
62	30	54
51	25	59
53	28	48
54	36	68
66	33	66
34	29	48
35	27	35
43	30	69
42	35	51
66	31	38
35	24	47
37	36	60
68	27	30
37	32	37
44	31	64
44	29	68
60	27	64
48	26	31
49	25	67
52	33	67
33	28	55
69	20	51
59	23	37
56	38	52
62	20	58
40	38	60
67	28	63
55	37	41
42	33	57
41	30	36
35	38	47
52	21	34
35	30	47
36	37	68
55	21	65
48	36	47
41	39	51
38	27	32
42	34	57
45	29	50
53	24	33
33	36	42
55	26	64
64	39	51
64	39	62
48	33	33
39	37	55
61	37	47
59	33	31
45	38	40
61	35	33
65	34	55
57	29	50
61	27	56
58	29	41
65	26	35
51	35	33
46	31	55
31	32	40
31	36	68
49	21	60
49	23	43
63	22	37
64	33	53
63	25	67
43	23	43
62	32	58
60	26	36
64	37	49
45	31	56
62	21	53
53	31	58
30	39	33
45	28	69
57	38	51
52	21	31
67	38	43
45	35	41
46	24	54
37	25	37
66	35	30
58	20	42
48	25	61
65	34	60
33	36	64
46	33	63
66	28	32
63	35	64
53	38	68
50	39	44
36	38	43
56	20	55
50	20	33
49	35	67
68	27	30
33	38	64
55	24	62
68	20	61
58	38	34
63	20	61
53	33	39
51	30	58
39	38	60
52	35	35
41	27	60
63	33	32
50	20	49
52	31	30
59	38	60
49	26	54
43	37	63
36	25	50
67	36	59
48	25	38
64	20	48
63	33	30
69	39	42
57	27	63
66	37	66
62	20	62
49	22	53
39	24	51
37	29	50
59	37	62
42	37	43
56	26	66
37	38	49
47	25	65
63	25	48
56	31	46
35	30	51
54	36	38
32	38	46
48	25	54
65	37	41
47	24	57
30	32	56
55	20	42
61	39	39
47	38	64
44	28	61
49	26	64
48	27	32
68	30	38
37	20	68
63	28	63
66	27	45
65	28	55
34	24	48
30	22	47
32	35	31
40	28	66
57	26	34
50	38	50
52	23	30
41	32	65
31	36	39
42	29	33
42	34	66
60	24	49
48	22	44
63	33	56
32	26	64
55	26	55
54	28	61
52	20	41
61	23	39
50	27	55
38	36	33
30	37	38
62	22	34
34	39	36
40	39	52
32	32	43
56	27	40
68	34	53
65	24	59
44	24	53
37	38	61
33	23	67
58	29	35
59	22	38
35	32	42
53	26	41
40	39	55
44	36	48
55	32	63
53	39	56
45	27	33
67	37	31
69	32	68
38	23	33
30	38	31
47	31	64
63	35	59
31	29	31
65	35	68
57	34	35
35	23	34
34	33	48
31	39	49
48	30	41
37	31	40
69	26	37
36	24	53
50	37	43
55	32	67
57	25	47
64	27	42
53	23	36
62	21	30
31	25	36
66	39	56
59	34	30
33	31	30
32	30	48
42	34	37
37	38	35
58	26	35
36	26	59
32	21	60
40	37	52
30	31	56
38	33	61
39	31	43
64	31	45
38	29	66
58	35	62
62	34	69
53	27	34
57	26	48
52	38	45
32	29	32
68	24	64
33	38	67
34	37	32
40	20	46
39	31	47
54	22	52
53	38	38
57	34	41
56	27	60
59	22	30
43	25	45
48	39	63
50	38	46
47	34	41
39	21	56
52	31	36
33	38	40
56	33	37
42	27	47
41	24	41
66	21	34
50	33	61
63	39	59
35	34	45
61	37	58
45	23	36
40	34	54
34	34	31
48	32	42
59	33	34
40	24	56
46	28	69
39	35	34
50	22	60
42	24	55
69	26	67
44	30	35
59	25	34
33	27	33
43	20	49
47	34	64
58	38	39
59	36	38
53	25	61
66	30	52
63	33	53
45	37	63
52	29	68
61	36	32
68	38	60
48	21	53
48	23	68
63	30	62
54	34	39
47	30	67
34	38	34
43	26	48
33	22	37
41	27	56
66	31	55
31	24	45
38	27	61
30	24	38
38	20	31
67	26	66
33	39	37
66	27	37
39	38	38
36	22	57
39	33	59
56	27	52
41	35	60
49	26	49
56	23	57
42	23	38
60	30	49
59	26	57
63	27	43
44	37	47
52	25	69
36	31	40
44	34	41
40	27	62
38	21	62
56	33	68
47	35	67
40	23	51
31	31	61
32	38	33
62	21	59
36	37	67
35	29	34
49	24	39
34	23	44
57	30	35
36	34	31
60	23	55
65	23	51
59	28	53
34	25	37
58	33	69
40	36	47
41	37	41
60	28	47
35	26	38
51	35	38
60	38	37
36	27	43
41	39	35
31	32	42
36	25	57
48	21	32
58	35	41
43	25	42
46	32	40
52	32	62
60	23	41
56	32	49
52	31	59
48	26	58
67	27	69
69	33	41
62	35	48
33	39	57
57	30	41
38	38	34
50	28	55
51	36	58
38	38	38
38	29	46
62	21	47
38	25	47
55	20	52
30	27	36
32	21	50
46	22	49
57	34	54
46	38	46
45	32	37
66	29	62
64	27	61
38	28	33
52	32	34
48	21	39
58	38	30
36	31	63
66	29	52
43	37	65
57	20	62
61	38	36
67	22	57
32	37	36
52	36	40
41	36	41
49	39	47
51	39	42
68	32	63
55	23	67
38	26	47
56	32	44
61	36	47
62	21	56
39	33	30
56	34	33
44	39	61
38	37	46
47	36	33
53	26	38
56	28	63
46	38	47
32	23	66
61	24	62
65	36	49
61	22	32
35	32	47
42	21	62
41	31	34
39	22	42
43	32	63
36	30	46
42	23	33
58	34	37
65	23	56
41	20	41
67	38	32
57	33	62
50	35	67
43	39	60
34	27	31
50	28	34
65	37	32
35	28	50
61	22	56
39	31	44
50	36	57
36	33	43
62	24	36
63	28	44
31	34	45
38	28	49
65	37	36
52	24	62
38	22	67
35	32	38
42	33	34
58	22	48
33	22	46
60	39	47
37	32	30
57	35	66
33	37	56
39	32	44
60	28	57
64	27	59
40	33	45
54	27	66
62	21	66
61	32	58
53	35	45
64	29	38
42	20	59
51	39	63
57	38	37
62	35	55
67	20	64
56	39	43
31	39	62
43	20	66
51	24	59
59	27	59
43	32	35
51	20	48
56	34	69
47	35	48
59	28	39
55	32	43
61	25	51
55	28	69
33	23	55
36	38	54
52	30	52
58	33	36
57	30	55
68	39	39
52	36	58
68	32	44
43	26	66
61	25	36
50	27	30
57	39	41
63	20	63
55	37	48
50	23	44
52	22	34
55	26	39
60	27	33
33	27	66
44	26	32
57	39	43
38	31	55
37	20	51
48	35	36
57	26	64
31	21	63
60	29	34
58	23	36
61	34	67
37	22	60
35	27	63
55	24	43
63	22	60
30	30	49
32	20	47
47	30	56
63	27	46
45	30	44
67	28	50
61	38	68
67	30	41
49	36	42
47	28	64
53	25	50
64	37	65
44	25	37
64	39	40
63	33	64
44	21	46
41	38	47
58	21	50
31	20	38
35	25	44
39	29	63
39	34	65
69	20	56
62	29	67
31	38	56
62	23	50
54	32	40
35	29	59
33	27	66
64	20	43
62	21	49
59	23	44
46	21	45
41	32	41
54	36	40
49	37	56
33	37	59
68	35	33
61	39	53
44	20	39
48	26	31
35	23	48
64	32	67
35	31	56
43	39	44
36	31	40
30	26	44
65	30	58
58	38	41
47	21	50
47	39	51
47	27	46
65	21	48
57	26	63
56	32	57
43	28	40
64	31	42
45	27	39
48	24	66
58	39	46
33	34	35
62	32	45
48	38	48
58	23	53
38	22	63
47	20	41
68	32	49
69	20	50
50	20	31
62	34	34
65	22	52
36	20	44
41	21	38
65	26	67
60	38	50
32	37	38
32	33	34
42	37	68
40	22	36
39	20	43
36	38	42
64	37	36
39	25	55
35	25	35
41	31	64
55	28	56
40	38	46
49	29	32
35	29	41
41	22	31
31	35	53
51	38	64
33	39	46
66	32	31
35	24	58
32	21	48
42	28	38
31	29	38
32	25	66
55	36	44
60	22	31
49	23	41
49	26	65
33	29	52
67	33	37
34	23	38
34	36	57
57	23	66
56	24	68
56	30	47
61	27	48
66	36	62
45	37	31
31	23	43
44	34	54
46	35	53
52	21	56
65	22	33
35	27	45
34	31	53
32	38	58
54	27	58
49	38	41
48	32	58
43	38	51
63	27	41
35	27	35
63	38	60
42	26	63
61	27	68
63	38	54
65	39	37
35	28	67
58	37	56
57	34	54
48	36	45
68	26	37
64	20	40
52	30	36
47	21	63
39	30	55
52	24	65
41	32	41
51	24	32
49	28	55
35	29	40
55	38	67
45	22	34
52	23	45
51	22	36
65	33	60
57	37	30
68	28	52
64	24	34
63	21	38
59	26	54
63	21	38
52	22	35
39	25	53
48	36	64
58	23	58
55	21	38
32	27	53
41	28	60
39	36	30
39	20	37
45	36	37
41	35	36
67	29	54
48	20	58
48	38	48
31	30	37
33	23	55
53	31	35
64	21	51
69	31	48
36	34	37
57	24	38
58	30	41
35	23	51
31	25	34
52	23	69
37	36	40
35	29	50
42	23	51
40	25	54
47	37	61
33	36	57
42	24	51
47	38	38
64	33	49
56	30	41
45	35	56
68	37	43
62	23	60
61	24	59
33	22	66
54	29	67
60	29	49
60	34	63
60	37	40
60	29	51
46	32	62
49	27	45
33	25	61
55	34	57
54	38	49
44	32	47
61	26	43
39	34	50
31	31	66
66	28	40
49	30	44
50	36	30
45	33	37
31	22	34
42	29	41
40	38	67
64	29	69
64	32	37
52	20	37
40	23	67
42	39	37
52	28	56
57	24	69
68	36	69
57	29	40
45	35	58
42	24	47
31	29	43
58	25	61
52	20	57
41	23	68
46	31	34
39	30	44
65	32	31
63	22	46
68	27	39
32	29	59
48	29	60
40	25	56
54	38	42
57	22	62
52	32	41
44	35	35
58	20	63
30	36	38
60	25	33
30	38	36
69	35	60
47	30	37
47	26	30
46	21	52
69	22	59
41	26	45
46	32	69
30	34	37
62	36	49
41	22	41
69	33	57
51	29	68
68	39	53
63	24	67
36	35	35
53	37	52
60	31	48
44	34	31
45	36	47
54	35	53
47	22	58
63	23	36
61	28	56
30	22	56
66	36	52
41	24	50
64	24	58
55	31	58
39	25	42
39	21	68
35	33	59
41	24	61
50	22	51
50	36	49
46	33	33
31	25	38
33	24	40
52	32	62
30	28	64
67	37	34
50	20	65
48	20	43
54	29	31
38	39	47
44	39	65
41	26	67
65	23	61
69	39	32
61	24	52
67	29	33
63	26	63
30	20	37
62	35	37
47	33	62
45	39	59
55	36	37
57	34	56
63	36	43
32	37	51
59	24	34
50	24	35
54	20	60
53	28	56
63	20	46
38	23	32
63	28	37
43	31	58
37	20	32
65	26	55
50	29	58
58	38	58
69	30	41
31	26	45
30	27	63
63	22	61
62	37	50
42	28	37
37	20	42
48	33	68
69	39	40
55	29	48
53	31	30
47	24	43
57	21	50
37	28	33
64	23	48
61	39	40
47	39	30
54	22	45
49	37	42
32	26	37
69	21	52
68	32	35
38	36	42
35	34	58
37	33	61
44	29	53
37	22	66
64	26	61
37	34	68
52	20	58
54	37	60
60	21	34
47	33	56
42	39	40
45	34	53
48	23	44
32	30	61
50	38	48
69	21	44
38	36	35
30	29	42
53	21	53
59	36	53
35	28	31
60	38	35
51	22	55
68	23	34
48	28	51
66	23	49
35	26	34
69	37	59
37	29	60
54	28	63
42	28	39
33	26	39
66	32	62
59	23	41
47	28	32
30	37	64
44	21	33
32	25	39
55	20	61
34	31	63
30	26	53
60	33	63
66	21	32
67	38	64
46	23	65
51	22	36
53	30	46
41	22	33
56	25	41
62	28	63
50	23	42
64	29	58
52	27	31
65	37	63
38	31	52
35	26	53
64	37	68
30	23	60
52	34	51
45	27	63
35	32	62
36	20	60
61	39	51
63	35	54
36	29	67
49	30	67
67	32	54
43	26	41
32	27	58
42	30	55
39	24	34
31	34	64
65	36	69
45	27	34
68	30	52
39	34	65
45	22	69
35	36	45
65	29	31
46	21	36
68	39	65
54	36	68
66	37	33
40	36	41
44	32	33
59	25	68
46	23	62
59	25	52
47	30	44
41	39	60
64	26	39
59	27	55
58	23	50
48	32	53
54	29	30
56	25	52
64	28	68
56	28	54
47	26	34
60	23	49
