34	49	34
20	36	25
24	43	25
35	59	23
27	45	36
25	39	24
33	41	20
29	55	23
21	38	31
37	21	33
26	30	37
34	27	23
20	43	34
20	50	32
25	33	36
20	32	37
33	27	31
21	25	29
37	27	26
21	23	30
37	48	30
37	38	39
35	33	32
38	35	20
24	58	30
27	35	30
25	24	35
27	51	32
22	49	29
20	41	33
32	42	37
36	32	27
39	40	22
24	44	29
32	20	30
22	24	23
28	30	38
22	35	35
26	48	26
31	35	33
31	27	33
39	40	29
36	37	20
25	29	39
27	23	28
27	42	23
33	49	22
32	35	35
26	51	37
34	56	32
31	41	20
26	51	38
32	37	22
26	23	33
29	55	38
27	53	24
23	49	23
27	51	22
32	28	28
27	51	20
23	42	28
36	57	34
38	41	34
36	50	26
25	40	37
36	31	30
22	20	33
35	43	32
29	32	22
24	41	20
20	47	20
36	47	38
20	24	35
37	54	28
21	59	30
26	24	22
24	55	32
36	51	31
20	54	31
24	58	38
32	46	33
27	31	24
20	25	32
27	56	33
39	47	31
31	42	34
35	33	20
29	32	29
21	24	37
30	40	23
22	47	31
39	35	29
28	36	32
39	48	34
23	51	27
31	41	33
32	54	29
20	31	22
35	55	33
36	59	30
28	57	24
31	52	39
30	57	39
24	46	37
23	37	38
32	38	21
38	29	23
28	41	28
23	38	32
20	34	35
25	50	39
35	54	29
31	46	33
29	28	25
20	49	31
38	40	21
23	48	38
34	41	23
20	32	21
35	46	20
22	34	28
26	40	27
37	53	26
28	21	22
20	38	39
39	36	37
34	50	27
26	31	38
33	26	39
27	20	20
36	39	20
31	30	35
35	52	23
36	25	34
29	27	26
38	28	27
24	37	39
39	52	39
37	34	26
30	49	25
30	37	34
29	34	33
26	31	34
26	27	39
25	33	23
35	58	39
24	35	36
34	36	35
30	48	34
31	52	24
22	40	34
22	32	20
33	52	26
33	59	29
32	45	38
20	44	28
38	51	28
22	27	33
34	38	22
21	20	26
21	42	32
37	51	33
20	40	22
29	52	38
35	40	26
25	38	35
20	49	24
36	39	39
34	23	37
31	49	31
25	25	29
26	53	30
25	52	22
36	50	37
20	30	26
38	53	36
22	43	24
21	31	28
27	30	21
34	57	34
27	58	23
30	38	34
22	46	22
20	45	37
26	43	33
27	40	35
22	51	30
26	58	39
20	42	22
32	42	23
37	36	38
37	34	24
22	27	20
37	58	21
21	30	33
29	50	30
21	23	27
30	29	27
31	32	23
28	46	21
31	22	20
34	39	31
28	46	24
36	35	24
29	25	34
21	47	23
32	55	29
33	44	27
23	25	26
24	29	31
37	43	36
29	55	25
22	47	34
26	37	36
29	23	36
38	57	32
35	51	20
20	31	38
33	42	27
36	40	31
33	46	31
33	42	20
32	36	34
24	44	23
28	54	35
21	56	31
27	50	25
31	46	23
20	51	20
37	24	21
20	40	24
28	42	34
38	40	23
30	38	29
21	26	32
29	40	35
36	30	29
34	23	37
26	57	33
23	58	25
25	35	34
26	43	20
22	50	31
31	58	32
20	46	22
39	49	23
20	37	32
34	36	37
22	46	38
22	46	22
33	47	20
36	52	30
26	44	23
23	26	25
29	36	21
39	51	20
39	20	31
34	33	39
27	47	20
33	20	32
28	40	34
22	28	26
37	43	38
28	45	24
22	43	37
23	42	38
39	31	24
37	41	37
27	36	26
24	54	32
22	20	25
32	56	29
38	36	32
35	44	32
29	28	20
26	31	29
29	48	23
35	38	23
20	37	36
35	25	33
34	56	24
29	52	24
27	47	31
23	37	31
26	51	30
24	57	25
32	51	33
34	57	37
22	53	37
29	23	36
34	33	37
26	37	29
37	32	23
23	33	34
37	47	37
34	42	27
35	54	36
35	53	34
30	57	39
33	30	35
32	51	38
28	43	34
33	20	36
36	57	37
29	57	39
31	32	37
20	37	21
37	40	34
30	40	30
39	31	39
24	33	25
31	37	27
23	22	35
20	37	29
37	30	36
24	51	31
29	21	37
35	40	34
29	37	29
29	29	39
21	59	27
20	42	37
35	52	28
33	57	23
37	52	22
24	59	22
37	44	29
28	41	22
34	20	28
29	52	27
24	26	26
21	26	31
23	52	33
23	38	25
23	50	21
20	34	20
37	35	27
39	21	32
27	20	28
38	40	33
32	28	32
22	31	22
33	33	31
23	36	31
21	47	39
28	44	31
38	47	39
36	31	22
22	56	27
31	40	25
31	54	36
28	45	31
24	51	30
38	57	32
21	48	22
20	54	29
39	45	37
33	33	33
23	25	38
39	20	33
21	20	36
37	34	36
22	44	23
35	42	37
30	55	35
39	52	34
25	42	25
21	47	22
28	36	28
28	53	33
20	47	20
25	48	33
34	58	34
26	57	34
33	34	33
26	34	38
32	43	26
34	23	30
27	57	26
23	49	38
36	25	20
36	57	37
35	33	20
22	42	37
36	26	36
30	29	38
32	44	27
37	40	20
27	25	30
33	41	35
39	38	27
21	26	31
37	36	29
38	48	37
20	38	21
25	36	37
30	30	29
23	54	34
34	50	24
35	26	21
37	58	26
22	41	39
27	57	26
23	55	26
21	31	23
39	22	25
36	46	28
38	24	23
21	59	21
25	47	21
28	42	28
27	39	23
39	21	31
23	55	24
35	38	34
21	56	30
27	30	20
26	53	33
30	44	22
25	41	35
35	39	20
31	29	26
32	21	26
36	33	32
37	34	27
20	27	20
28	26	39
21	23	34
36	57	25
34	26	21
26	31	26
27	56	29
31	40	39
29	36	33
38	30	34
35	28	37
22	44	22
28	52	33
28	59	20
31	28	37
39	55	22
37	30	37
23	51	26
31	45	20
26	25	35
37	46	23
32	54	32
23	44	34
23	53	21
32	27	23
39	20	39
20	53	21
35	20	34
25	53	22
30	37	21
34	57	25
38	38	37
39	33	34
27	29	22
36	52	37
23	50	24
29	27	22
32	23	25
36	47	24
30	46	37
39	41	30
27	48	30
33	26	37
26	49	33
33	36	38
22	31	23
37	54	36
32	51	25
37	22	21
39	28	33
38	42	29
23	58	24
28	30	23
29	25	34
27	42	22
26	20	32
26	21	24
23	47	24
27	40	28
33	49	26
39	30	20
25	41	24
25	21	35
32	36	26
26	33	23
29	27	27
27	58	35
33	21	39
21	43	26
39	51	20
35	53	39
20	35	24
20	27	22
38	33	34
32	49	34
